local P=game:GetService('Players') local R=game:GetService('RunService')
local pl=P.LocalPlayer local c=pl.Character or pl.CharacterAdded:Wait()
local h=c:FindFirstChildOfClass('Humanoid')
local function tCF(d) return CFrame.new(d[1],d[2],d[3],d[4],d[5],d[6],d[7],d[8],d[9],d[10],d[11],d[12]) end
local fd={
{t=0.0000,b={["Left Shoulder"]={0.0958,-0.4196,-0.0654,0.8852,-0.1576,-0.4377,0.3410,0.8598,0.3800,0.3165,-0.4856,0.8148},["Right Shoulder"]={-0.1572,-0.2972,0.0329,0.6515,0.4892,-0.5798,0.0015,0.7635,0.6458,0.7586,-0.4217,0.4967},["Index"]={0.0000,0.0000,0.0000,1.0000,0.0000,0.0000,0.0000,1.0000,0.0000,0.0000,0.0000,1.0000},["Neck"]={0.0000,0.0000,0.0167,0.7371,-0.6743,0.0449,0.6538,0.6947,-0.2999,0.1710,0.2504,0.9529},["Right Hip"]={0.3290,0.0411,-0.1059,0.9113,0.0646,0.4067,-0.1063,0.9911,0.0806,-0.3979,-0.1166,0.9100},["Holder"]={0.0000,0.0000,0.0000,1.0000,0.0000,0.0000,0.0000,1.0000,0.0000,0.0000,0.0000,1.0000},["Wrap"]={0.0000,0.0000,0.0000,1.0000,0.0000,0.0000,0.0000,1.0000,0.0000,0.0000,0.0000,1.0000},["Little"]={0.0000,0.0000,0.0000,1.0000,0.0000,0.0000,0.0000,1.0000,0.0000,0.0000,0.0000,1.0000},["Weld"]={0.0000,0.0000,0.0000,1.0000,0.0000,0.0000,0.0000,1.0000,0.0000,0.0000,0.0000,1.0000},["Thumb"]={0.0000,0.0000,0.0000,1.0000,0.0000,0.0000,0.0000,1.0000,0.0000,0.0000,0.0000,1.0000},["Middle"]={0.0000,0.0000,0.0000,1.0000,0.0000,0.0000,0.0000,1.0000,0.0000,0.0000,0.0000,1.0000},["Left Hip"]={0.1760,-0.1118,0.3187,-0.2593,-0.7739,0.5778,0.7854,0.1792,0.5925,-0.5621,0.6074,0.5613},["Ring"]={0.0000,0.0000,0.0000,1.0000,0.0000,0.0000,0.0000,1.0000,0.0000,0.0000,0.0000,1.0000},["RootJoint"]={1.3125,0.6376,-0.7966,0.5634,0.5828,0.5857,-0.7947,0.5760,0.1913,-0.2259,-0.5733,0.7876}}},
{t=0.0659,b={["Left Shoulder"]={0.0958,-0.4196,-0.0654,0.8852,-0.1576,-0.4377,0.3410,0.8598,0.3800,0.3165,-0.4856,0.8148},["Right Shoulder"]={-0.1572,-0.2972,0.0329,0.6515,0.4892,-0.5798,0.0015,0.7635,0.6458,0.7586,-0.4217,0.4967},["Index"]={0.0000,0.0000,0.0000,1.0000,0.0000,0.0000,0.0000,1.0000,0.0000,0.0000,0.0000,1.0000},["Neck"]={0.0000,-0.0000,0.0167,0.7362,-0.6760,0.0320,0.6493,0.6923,-0.3150,0.1908,0.2526,0.9486},["Right Hip"]={0.1816,0.0416,-0.0397,0.9089,-0.0182,0.4166,-0.0180,0.9964,0.0828,-0.4166,-0.0827,0.9053},["Holder"]={0.0000,0.0000,0.0000,1.0000,0.0000,0.0000,0.0000,1.0000,0.0000,0.0000,0.0000,1.0000},["Wrap"]={0.0000,0.0000,0.0000,1.0000,0.0000,0.0000,0.0000,1.0000,0.0000,0.0000,0.0000,1.0000},["Little"]={0.0000,0.0000,0.0000,1.0000,0.0000,0.0000,0.0000,1.0000,0.0000,0.0000,0.0000,1.0000},["Weld"]={0.0000,0.0000,0.0000,1.0000,0.0000,0.0000,0.0000,1.0000,0.0000,0.0000,0.0000,1.0000},["Thumb"]={0.0000,0.0000,0.0000,1.0000,0.0000,0.0000,0.0000,1.0000,0.0000,0.0000,0.0000,1.0000},["Middle"]={0.0000,0.0000,0.0000,1.0000,0.0000,0.0000,0.0000,1.0000,0.0000,0.0000,0.0000,1.0000},["Left Hip"]={0.1771,-0.1328,0.3274,-0.2581,-0.7636,0.5919,0.7982,0.1765,0.5759,-0.5442,0.6211,0.5639},["Ring"]={0.0000,0.0000,0.0000,1.0000,0.0000,0.0000,0.0000,1.0000,0.0000,0.0000,0.0000,1.0000},["RootJoint"]={1.3834,0.6383,-0.8166,0.5571,0.5721,0.6020,-0.7958,0.5749,0.1901,-0.2373,-0.5850,0.7755}}},
{t=0.1161,b={["Left Shoulder"]={0.0958,-0.4196,-0.0654,0.8852,-0.1576,-0.4377,0.3410,0.8598,0.3800,0.3165,-0.4856,0.8148},["Right Shoulder"]={-0.1572,-0.2972,0.0329,0.6515,0.4892,-0.5798,0.0015,0.7635,0.6458,0.7586,-0.4217,0.4967},["Index"]={0.0000,0.0000,0.0000,1.0000,0.0000,0.0000,0.0000,1.0000,0.0000,0.0000,0.0000,1.0000},["Neck"]={0.0000,-0.0000,0.0167,0.7367,-0.6758,0.0257,0.6458,0.6918,-0.3231,0.2006,0.2546,0.9460},["Right Hip"]={0.1850,0.0447,-0.0414,0.9057,-0.0243,0.4233,-0.0150,0.9959,0.0892,-0.4238,-0.0871,0.9016},["Holder"]={0.0000,0.0000,0.0000,1.0000,0.0000,0.0000,0.0000,1.0000,0.0000,0.0000,0.0000,1.0000},["Wrap"]={0.0000,0.0000,0.0000,1.0000,0.0000,0.0000,0.0000,1.0000,0.0000,0.0000,0.0000,1.0000},["Little"]={0.0000,0.0000,0.0000,1.0000,0.0000,0.0000,0.0000,1.0000,0.0000,0.0000,0.0000,1.0000},["Weld"]={0.0000,0.0000,0.0000,1.0000,0.0000,0.0000,0.0000,1.0000,0.0000,0.0000,0.0000,1.0000},["Thumb"]={0.0000,0.0000,0.0000,1.0000,0.0000,0.0000,0.0000,1.0000,0.0000,0.0000,0.0000,1.0000},["Middle"]={0.0000,0.0000,0.0000,1.0000,0.0000,0.0000,0.0000,1.0000,0.0000,0.0000,0.0000,1.0000},["Left Hip"]={0.1752,-0.1576,0.3478,-0.2740,-0.7539,0.5971,0.8078,0.1566,0.5683,-0.5220,0.6380,0.5661},["Ring"]={0.0000,0.0000,0.0000,1.0000,0.0000,0.0000,0.0000,1.0000,0.0000,0.0000,0.0000,1.0000},["RootJoint"]={1.4155,0.6388,-0.8507,0.5549,0.5655,0.6102,-0.7956,0.5752,0.1904,-0.2432,-0.5911,0.7691}}},
{t=0.1814,b={["Left Shoulder"]={0.0798,-0.3498,-0.0545,0.9187,-0.1482,-0.3662,0.2782,0.9008,0.3335,0.2805,-0.4082,0.8687},["Right Shoulder"]={-0.1310,-0.2478,0.0274,0.7481,0.3953,-0.5330,-0.0396,0.8284,0.5587,0.6624,-0.3969,0.6354},["Index"]={0.0000,0.0000,0.0000,1.0000,0.0000,0.0000,0.0000,1.0000,0.0000,0.0000,0.0000,1.0000},["Neck"]={-0.0000,-0.0000,0.0139,0.8134,-0.5817,0.0036,0.5601,0.7815,-0.2749,0.1571,0.2256,0.9615},["Right Hip"]={0.1550,0.0429,-0.0349,0.9333,-0.0205,0.3585,-0.0082,0.9969,0.0782,-0.3589,-0.0759,0.9303},["Holder"]={0.0000,0.0000,0.0000,1.0000,0.0000,0.0000,0.0000,1.0000,0.0000,0.0000,0.0000,1.0000},["Wrap"]={0.0000,0.0000,0.0000,1.0000,0.0000,0.0000,0.0000,1.0000,0.0000,0.0000,0.0000,1.0000},["Little"]={0.0000,0.0000,0.0000,1.0000,0.0000,0.0000,0.0000,1.0000,0.0000,0.0000,0.0000,1.0000},["Weld"]={0.0000,0.0000,0.0000,1.0000,0.0000,0.0000,0.0000,1.0000,0.0000,0.0000,0.0000,1.0000},["Thumb"]={0.0000,0.0000,0.0000,1.0000,0.0000,0.0000,0.0000,1.0000,0.0000,0.0000,0.0000,1.0000},["Middle"]={0.0000,0.0000,0.0000,1.0000,0.0000,0.0000,0.0000,1.0000,0.0000,0.0000,0.0000,1.0000},["Left Hip"]={0.1447,-0.1361,0.2998,-0.0054,-0.7909,0.6120,0.8385,0.3299,0.4337,-0.5449,0.5155,0.6613},["Ring"]={0.0000,0.0000,0.0000,1.0000,0.0000,0.0000,0.0000,1.0000,0.0000,0.0000,0.0000,1.0000},["RootJoint"]={1.1822,0.5327,-0.7295,0.6778,0.5240,0.5157,-0.6915,0.6927,0.2051,-0.2498,-0.4956,0.8319}}},
{t=0.2490,b={["Left Shoulder"]={0.0585,-0.2604,-0.0400,0.9549,-0.1234,-0.2701,0.1956,0.9458,0.2593,0.2235,-0.3004,0.9273},["Right Shoulder"]={-0.0961,-0.1835,0.0201,0.8619,0.2670,-0.4311,-0.0704,0.9049,0.4197,0.5021,-0.3314,0.7988},["Index"]={0.0000,0.0000,0.0000,1.0000,0.0000,0.0000,0.0000,1.0000,0.0000,0.0000,0.0000,1.0000},["Neck"]={-0.0000,-0.0000,0.0102,0.8978,-0.4401,-0.0145,0.4283,0.8805,-0.2031,0.1022,0.1761,0.9791},["Right Hip"]={0.1136,0.0385,-0.0256,0.9640,-0.0123,0.2658,-0.0032,0.9983,0.0578,-0.2660,-0.0565,0.9623},["Holder"]={0.0000,0.0000,0.0000,1.0000,0.0000,0.0000,0.0000,1.0000,0.0000,0.0000,0.0000,1.0000},["Wrap"]={0.0000,0.0000,0.0000,1.0000,0.0000,0.0000,0.0000,1.0000,0.0000,0.0000,0.0000,1.0000},["Little"]={0.0000,0.0000,0.0000,1.0000,0.0000,0.0000,0.0000,1.0000,0.0000,0.0000,0.0000,1.0000},["Weld"]={0.0000,0.0000,0.0000,1.0000,0.0000,0.0000,0.0000,1.0000,0.0000,0.0000,0.0000,1.0000},["Thumb"]={0.0000,0.0000,0.0000,1.0000,0.0000,0.0000,0.0000,1.0000,0.0000,0.0000,0.0000,1.0000},["Middle"]={0.0000,0.0000,0.0000,1.0000,0.0000,0.0000,0.0000,1.0000,0.0000,0.0000,0.0000,1.0000},["Left Hip"]={0.1061,-0.0910,0.2199,0.4060,-0.7308,0.5487,0.7589,0.6041,0.2430,-0.5091,0.3178,0.7999},["Ring"]={0.0000,0.0000,0.0000,1.0000,0.0000,0.0000,0.0000,1.0000,0.0000,0.0000,0.0000,1.0000},["RootJoint"]={0.8669,0.3907,-0.5445,0.8213,0.4307,0.3742,-0.5236,0.8295,0.1944,-0.2267,-0.3556,0.9067}}},
{t=0.3147,b={["Left Shoulder"]={0.0372,-0.1766,-0.0255,0.9805,-0.0851,-0.1773,0.1162,0.9780,0.1730,0.1587,-0.1902,0.9688},["Right Shoulder"]={-0.0611,-0.1204,0.0128,0.9461,0.1466,-0.2887,-0.0683,0.9619,0.2646,0.3165,-0.2306,0.9201},["Index"]={0.0000,0.0000,0.0000,1.0000,0.0000,0.0000,0.0000,1.0000,0.0000,0.0000,0.0000,1.0000},["Neck"]={-0.0000,-0.0000,0.0065,0.9583,-0.2850,-0.0199,0.2802,0.9512,-0.1292,0.0558,0.1183,0.9914},["Right Hip"]={0.0723,0.0333,-0.0163,0.9854,-0.0061,0.1701,-0.0002,0.9993,0.0368,-0.1702,-0.0363,0.9847},["Holder"]={0.0000,0.0000,0.0000,1.0000,0.0000,0.0000,0.0000,1.0000,0.0000,0.0000,0.0000,1.0000},["Wrap"]={0.0000,0.0000,0.0000,1.0000,0.0000,0.0000,0.0000,1.0000,0.0000,0.0000,0.0000,1.0000},["Little"]={0.0000,0.0000,0.0000,1.0000,0.0000,0.0000,0.0000,1.0000,0.0000,0.0000,0.0000,1.0000},["Weld"]={0.0000,0.0000,0.0000,1.0000,0.0000,0.0000,0.0000,1.0000,0.0000,0.0000,0.0000,1.0000},["Thumb"]={0.0000,0.0000,0.0000,1.0000,0.0000,0.0000,0.0000,1.0000,0.0000,0.0000,0.0000,1.0000},["Middle"]={0.0000,0.0000,0.0000,1.0000,0.0000,0.0000,0.0000,1.0000,0.0000,0.0000,0.0000,1.0000},["Left Hip"]={0.0675,-0.0471,0.1399,0.7595,-0.5247,0.3846,0.5361,0.8397,0.0869,-0.3686,0.1402,0.9190},["Ring"]={0.0000,0.0000,0.0000,1.0000,0.0000,0.0000,0.0000,1.0000,0.0000,0.0000,0.0000,1.0000},["RootJoint"]={0.5517,0.2486,-0.3582,0.9276,0.2958,0.2280,-0.3334,0.9310,0.1487,-0.1683,-0.2140,0.9622}}},
{t=0.3650,b={["Left Shoulder"]={0.0213,-0.1136,-0.0145,0.9927,-0.0494,-0.1097,0.0608,0.9929,0.1025,0.1038,-0.1084,0.9887},["Right Shoulder"]={-0.0349,-0.0726,0.0073,0.9839,0.0699,-0.1642,-0.0456,0.9881,0.1472,0.1725,-0.1374,0.9754},["Index"]={0.0000,0.0000,0.0000,1.0000,0.0000,0.0000,0.0000,1.0000,0.0000,0.0000,0.0000,1.0000},["Neck"]={0.0000,-0.0000,0.0037,0.9863,-0.1641,-0.0157,0.1626,0.9839,-0.0739,0.0276,0.0704,0.9971},["Right Hip"]={0.0413,0.0283,-0.0093,0.9953,-0.0027,0.0973,0.0007,0.9998,0.0210,-0.0973,-0.0208,0.9950},["Holder"]={0.0000,0.0000,0.0000,1.0000,0.0000,0.0000,0.0000,1.0000,0.0000,0.0000,0.0000,1.0000},["Wrap"]={0.0000,0.0000,0.0000,1.0000,0.0000,0.0000,0.0000,1.0000,0.0000,0.0000,0.0000,1.0000},["Little"]={0.0000,0.0000,0.0000,1.0000,0.0000,0.0000,0.0000,1.0000,0.0000,0.0000,0.0000,1.0000},["Weld"]={0.0000,0.0000,0.0000,1.0000,0.0000,0.0000,0.0000,1.0000,0.0000,0.0000,0.0000,1.0000},["Thumb"]={0.0000,0.0000,0.0000,1.0000,0.0000,0.0000,0.0000,1.0000,0.0000,0.0000,0.0000,1.0000},["Middle"]={0.0000,0.0000,0.0000,1.0000,0.0000,0.0000,0.0000,1.0000,0.0000,0.0000,0.0000,1.0000},["Left Hip"]={0.0386,-0.0153,0.0800,0.9262,-0.3056,0.2207,0.3091,0.9508,0.0194,-0.2158,0.0502,0.9752},["Ring"]={0.0000,0.0000,0.0000,1.0000,0.0000,0.0000,0.0000,1.0000,0.0000,0.0000,0.0000,1.0000},["RootJoint"]={0.3153,0.1421,-0.2172,0.9768,0.1748,0.1234,-0.1868,0.9779,0.0938,-0.1043,-0.1146,0.9879}}},
}
local aS=c:FindFirstChild('Animate') if aS then aS.Disabled=true end
local an=nil if h then an=h:FindFirstChildOfClass('Animator') if an then for _,t in pairs(an:GetPlayingAnimationTracks()) do t:Stop(0) end end end
local m={} for _,v in pairs(c:GetDescendants()) do if v:IsA('Motor6D') then m[v.Name]=v end end
local sT=os.clock() local tD=fd[#fd].t if tD<=0 then tD=1 end
local done=false local cn cn=R.Stepped:Connect(function()
if done then return end if an then for _,t in pairs(an:GetPlayingAnimationTracks()) do t:Stop(0) end end
local e=os.clock()-sT
if e>=tD then done=true cn:Disconnect() if aS then aS.Disabled=false end return end
local pf,nf=fd[1],fd[#fd] for i=1,#fd-1 do if fd[i].t<=e and fd[i+1].t>=e then pf=fd[i] nf=fd[i+1] break end end
local sp=nf.t-pf.t local al=sp>0 and(e-pf.t)/sp or 0
for k,motor in pairs(m) do local pd,nd=pf.b[k],nf.b[k] if pd and nd then motor.Transform=tCF(pd):Lerp(tCF(nd),al) elseif pd then motor.Transform=tCF(pd) elseif nd then motor.Transform=tCF(nd) end end
end)
return nil