local P=game:GetService('Players') local R=game:GetService('RunService')
local pl=P.LocalPlayer local c=pl.Character or pl.CharacterAdded:Wait()
local h=c:FindFirstChildOfClass('Humanoid')
local function tCF(d) return CFrame.new(d[1],d[2],d[3],d[4],d[5],d[6],d[7],d[8],d[9],d[10],d[11],d[12]) end
local fd={
{t=0.0000,b={["Left Shoulder"]={-0.2362,-0.0442,0.1795,0.6350,0.1874,0.7495,-0.7679,0.2596,0.5857,-0.0848,-0.9474,0.3087},["Right Shoulder"]={0.0186,-0.0108,-0.0145,0.7712,0.4904,-0.4059,-0.0851,0.7113,0.6977,0.6308,-0.5035,0.5903},["Index"]={0.0000,0.0000,0.0000,1.0000,0.0000,0.0000,0.0000,1.0000,0.0000,0.0000,0.0000,1.0000},["Neck"]={0.0000,-0.0000,0.0167,0.8809,-0.4356,-0.1849,0.4352,0.5920,0.6784,-0.1860,-0.6781,0.7111},["Right Hip"]={-0.1483,0.8254,-0.2404,0.5814,-0.4080,-0.7039,0.7490,0.6064,0.2671,0.3178,-0.6825,0.6581},["Holder"]={0.0000,0.0000,0.0000,1.0000,0.0000,0.0000,0.0000,1.0000,0.0000,0.0000,0.0000,1.0000},["Wrap"]={0.0000,0.0000,0.0000,1.0000,0.0000,0.0000,0.0000,1.0000,0.0000,0.0000,0.0000,1.0000},["Little"]={0.0000,0.0000,0.0000,1.0000,0.0000,0.0000,0.0000,1.0000,0.0000,0.0000,0.0000,1.0000},["Weld"]={0.0000,0.0000,0.0000,1.0000,0.0000,0.0000,0.0000,1.0000,0.0000,0.0000,0.0000,1.0000},["Thumb"]={0.0000,0.0000,0.0000,1.0000,0.0000,0.0000,0.0000,1.0000,0.0000,0.0000,0.0000,1.0000},["Middle"]={0.0000,0.0000,0.0000,1.0000,0.0000,0.0000,0.0000,1.0000,0.0000,0.0000,0.0000,1.0000},["Left Hip"]={-0.2255,1.0318,0.2894,0.6187,-0.2163,0.7552,0.1476,0.9762,0.1587,-0.7716,0.0133,0.6360},["Ring"]={0.0000,0.0000,0.0000,1.0000,0.0000,0.0000,0.0000,1.0000,0.0000,0.0000,0.0000,1.0000},["RootJoint"]={-0.5041,-0.0756,-1.6263,0.9274,0.3121,-0.2062,-0.3337,0.4411,-0.8331,-0.1691,0.8414,0.5132}}},
{t=0.0543,b={["Left Shoulder"]={-0.2355,-0.0443,0.1796,0.6232,0.2089,0.7536,-0.7786,0.2555,0.5731,-0.0728,-0.9440,0.3219},["Right Shoulder"]={0.0182,-0.0101,-0.0141,0.7740,0.4793,-0.4138,-0.0878,0.7284,0.6795,0.6271,-0.4896,0.6059},["Index"]={0.0000,0.0000,0.0000,1.0000,0.0000,0.0000,0.0000,1.0000,0.0000,0.0000,0.0000,1.0000},["Neck"]={0.0000,0.0000,0.0167,0.8809,-0.4356,-0.1849,0.4352,0.5920,0.6784,-0.1860,-0.6781,0.7111},["Right Hip"]={-0.1397,0.8747,-0.2504,0.5940,-0.3905,-0.7033,0.7295,0.6300,0.2664,0.3390,-0.6713,0.6591},["Holder"]={0.0000,0.0000,0.0000,1.0000,0.0000,0.0000,0.0000,1.0000,0.0000,0.0000,0.0000,1.0000},["Wrap"]={0.0000,0.0000,0.0000,1.0000,0.0000,0.0000,0.0000,1.0000,0.0000,0.0000,0.0000,1.0000},["Little"]={0.0000,0.0000,0.0000,1.0000,0.0000,0.0000,0.0000,1.0000,0.0000,0.0000,0.0000,1.0000},["Weld"]={0.0000,0.0000,0.0000,1.0000,0.0000,0.0000,0.0000,1.0000,0.0000,0.0000,0.0000,1.0000},["Thumb"]={0.0000,0.0000,0.0000,1.0000,0.0000,0.0000,0.0000,1.0000,0.0000,0.0000,0.0000,1.0000},["Middle"]={0.0000,0.0000,0.0000,1.0000,0.0000,0.0000,0.0000,1.0000,0.0000,0.0000,0.0000,1.0000},["Left Hip"]={-0.2088,1.0453,0.2716,0.5885,-0.2267,0.7761,0.1330,0.9740,0.1836,-0.7975,-0.0048,0.6033},["Ring"]={0.0000,0.0000,0.0000,1.0000,0.0000,0.0000,0.0000,1.0000,0.0000,0.0000,0.0000,1.0000},["RootJoint"]={-0.5410,-0.0718,-1.6449,0.9274,0.3121,-0.2062,-0.3337,0.4411,-0.8331,-0.1691,0.8414,0.5132}}},
{t=0.1184,b={["Left Shoulder"]={-0.2345,-0.0436,0.1798,0.6206,0.2394,0.7467,-0.7810,0.2736,0.5614,-0.0699,-0.9316,0.3568},["Right Shoulder"]={0.0172,-0.0088,-0.0137,0.7842,0.4432,-0.4343,-0.0733,0.7612,0.6444,0.6161,-0.4735,0.6294},["Index"]={0.0000,0.0000,0.0000,1.0000,0.0000,0.0000,0.0000,1.0000,0.0000,0.0000,0.0000,1.0000},["Neck"]={0.0000,0.0000,0.0167,0.8809,-0.4356,-0.1849,0.4352,0.5920,0.6784,-0.1860,-0.6781,0.7111},["Right Hip"]={-0.1361,0.9011,-0.2565,0.6003,-0.3819,-0.7027,0.7193,0.6419,0.2656,0.3496,-0.6649,0.6601},["Holder"]={0.0000,0.0000,0.0000,1.0000,0.0000,0.0000,0.0000,1.0000,0.0000,0.0000,0.0000,1.0000},["Wrap"]={0.0000,0.0000,0.0000,1.0000,0.0000,0.0000,0.0000,1.0000,0.0000,0.0000,0.0000,1.0000},["Little"]={0.0000,0.0000,0.0000,1.0000,0.0000,0.0000,0.0000,1.0000,0.0000,0.0000,0.0000,1.0000},["Weld"]={0.0000,0.0000,0.0000,1.0000,0.0000,0.0000,0.0000,1.0000,0.0000,0.0000,0.0000,1.0000},["Thumb"]={0.0000,0.0000,0.0000,1.0000,0.0000,0.0000,0.0000,1.0000,0.0000,0.0000,0.0000,1.0000},["Middle"]={0.0000,0.0000,0.0000,1.0000,0.0000,0.0000,0.0000,1.0000,0.0000,0.0000,0.0000,1.0000},["Left Hip"]={-0.1989,1.0541,0.2594,0.5719,-0.2316,0.7869,0.1224,0.9727,0.1973,-0.8111,-0.0165,0.5846},["Ring"]={0.0000,0.0000,0.0000,1.0000,0.0000,0.0000,0.0000,1.0000,0.0000,0.0000,0.0000,1.0000},["RootJoint"]={-0.5620,-0.0678,-1.6550,0.9274,0.3121,-0.2062,-0.3337,0.4411,-0.8331,-0.1691,0.8414,0.5132}}},
{t=0.1744,b={["Left Shoulder"]={-0.2331,-0.0422,0.1802,0.6274,0.2771,0.7277,-0.7750,0.3130,0.5490,-0.0756,-0.9084,0.4111},["Right Shoulder"]={0.0153,-0.0077,-0.0140,0.8069,0.3857,-0.4474,-0.0360,0.7881,0.6145,0.5896,-0.4797,0.6498},["Index"]={0.0000,0.0000,0.0000,1.0000,0.0000,0.0000,0.0000,1.0000,0.0000,0.0000,0.0000,1.0000},["Neck"]={0.0000,0.0000,0.0167,0.8809,-0.4356,-0.1849,0.4352,0.5920,0.6784,-0.1860,-0.6781,0.7111},["Right Hip"]={-0.1359,0.9054,-0.2576,0.6012,-0.3811,-0.7024,0.7179,0.6436,0.2653,0.3510,-0.6638,0.6605},["Holder"]={0.0000,0.0000,0.0000,1.0000,0.0000,0.0000,0.0000,1.0000,0.0000,0.0000,0.0000,1.0000},["Wrap"]={0.0000,0.0000,0.0000,1.0000,0.0000,0.0000,0.0000,1.0000,0.0000,0.0000,0.0000,1.0000},["Little"]={0.0000,0.0000,0.0000,1.0000,0.0000,0.0000,0.0000,1.0000,0.0000,0.0000,0.0000,1.0000},["Weld"]={0.0000,0.0000,0.0000,1.0000,0.0000,0.0000,0.0000,1.0000,0.0000,0.0000,0.0000,1.0000},["Thumb"]={0.0000,0.0000,0.0000,1.0000,0.0000,0.0000,0.0000,1.0000,0.0000,0.0000,0.0000,1.0000},["Middle"]={0.0000,0.0000,0.0000,1.0000,0.0000,0.0000,0.0000,1.0000,0.0000,0.0000,0.0000,1.0000},["Left Hip"]={-0.1970,1.0563,0.2567,0.5696,-0.2319,0.7886,0.1199,0.9726,0.1994,-0.8132,-0.0190,0.5817},["Ring"]={0.0000,0.0000,0.0000,1.0000,0.0000,0.0000,0.0000,1.0000,0.0000,0.0000,0.0000,1.0000},["RootJoint"]={-0.5654,-0.0662,-1.6565,0.9274,0.3121,-0.2062,-0.3337,0.4411,-0.8331,-0.1691,0.8414,0.5132}}},
{t=0.2379,b={["Left Shoulder"]={-0.1907,-0.0342,0.1478,0.7339,0.3170,0.6008,-0.6653,0.5140,0.5415,-0.1371,-0.7971,0.5881},["Right Shoulder"]={0.0121,-0.0059,-0.0117,0.8713,0.2880,-0.3972,-0.0494,0.8570,0.5130,0.4882,-0.4274,0.7609},["Index"]={0.0000,0.0000,0.0000,1.0000,0.0000,0.0000,0.0000,1.0000,0.0000,0.0000,0.0000,1.0000},["Neck"]={-0.0000,0.0000,0.0137,0.9174,-0.3767,-0.1282,0.3764,0.7169,0.5868,-0.1291,-0.5866,0.7995},["Right Hip"]={-0.1113,0.7421,-0.2111,0.7200,-0.3673,-0.5888,0.6039,0.7497,0.2706,0.3421,-0.5504,0.7616},["Holder"]={0.0000,0.0000,0.0000,1.0000,0.0000,0.0000,0.0000,1.0000,0.0000,0.0000,0.0000,1.0000},["Wrap"]={0.0000,0.0000,0.0000,1.0000,0.0000,0.0000,0.0000,1.0000,0.0000,0.0000,0.0000,1.0000},["Little"]={0.0000,0.0000,0.0000,1.0000,0.0000,0.0000,0.0000,1.0000,0.0000,0.0000,0.0000,1.0000},["Weld"]={0.0000,0.0000,0.0000,1.0000,0.0000,0.0000,0.0000,1.0000,0.0000,0.0000,0.0000,1.0000},["Thumb"]={0.0000,0.0000,0.0000,1.0000,0.0000,0.0000,0.0000,1.0000,0.0000,0.0000,0.0000,1.0000},["Middle"]={0.0000,0.0000,0.0000,1.0000,0.0000,0.0000,0.0000,1.0000,0.0000,0.0000,0.0000,1.0000},["Left Hip"]={-0.1614,0.8657,0.2102,0.7007,-0.1917,0.6872,0.1138,0.9809,0.1576,-0.7043,-0.0322,0.7091},["Ring"]={0.0000,0.0000,0.0000,1.0000,0.0000,0.0000,0.0000,1.0000,0.0000,0.0000,0.0000,1.0000},["RootJoint"]={-0.4633,-0.0542,-1.3575,0.9490,0.2783,-0.1483,-0.2935,0.6071,-0.7384,-0.1155,0.7443,0.6578}}},
{t=0.2988,b={["Left Shoulder"]={-0.1422,-0.0218,0.1102,0.8453,0.3030,0.4401,-0.5063,0.7173,0.4786,-0.1707,-0.6274,0.7598},["Right Shoulder"]={0.0090,-0.0026,-0.0087,0.9263,0.2005,-0.3191,-0.0641,0.9182,0.3909,0.3714,-0.3416,0.8634},["Index"]={0.0000,0.0000,0.0000,1.0000,0.0000,0.0000,0.0000,1.0000,0.0000,0.0000,0.0000,1.0000},["Neck"]={0.0000,0.0000,0.0102,0.9532,-0.2934,-0.0728,0.2933,0.8389,0.4585,-0.0735,-0.4584,0.8857},["Right Hip"]={-0.0830,0.5542,-0.1575,0.8398,-0.3179,-0.4401,0.4532,0.8569,0.2459,0.2989,-0.4059,0.8636},["Holder"]={0.0000,0.0000,0.0000,1.0000,0.0000,0.0000,0.0000,1.0000,0.0000,0.0000,0.0000,1.0000},["Wrap"]={0.0000,0.0000,0.0000,1.0000,0.0000,0.0000,0.0000,1.0000,0.0000,0.0000,0.0000,1.0000},["Little"]={0.0000,0.0000,0.0000,1.0000,0.0000,0.0000,0.0000,1.0000,0.0000,0.0000,0.0000,1.0000},["Weld"]={0.0000,0.0000,0.0000,1.0000,0.0000,0.0000,0.0000,1.0000,0.0000,0.0000,0.0000,1.0000},["Thumb"]={0.0000,0.0000,0.0000,1.0000,0.0000,0.0000,0.0000,1.0000,0.0000,0.0000,0.0000,1.0000},["Middle"]={0.0000,0.0000,0.0000,1.0000,0.0000,0.0000,0.0000,1.0000,0.0000,0.0000,0.0000,1.0000},["Left Hip"]={-0.1204,0.6467,0.1568,0.8299,-0.1417,0.5397,0.0974,0.9892,0.1099,-0.5494,-0.0386,0.8347},["Ring"]={0.0000,0.0000,0.0000,1.0000,0.0000,0.0000,0.0000,1.0000,0.0000,0.0000,0.0000,1.0000},["RootJoint"]={-0.3455,-0.0404,-1.0135,0.9708,0.2230,-0.0885,-0.2317,0.7751,-0.5878,-0.0624,0.5911,0.8041}}},
{t=0.3499,b={["Left Shoulder"]={-0.1034,-0.0111,0.0802,0.9178,0.2529,0.3060,-0.3620,0.8496,0.3836,-0.1630,-0.4629,0.8713},["Right Shoulder"]={0.0066,0.0007,-0.0063,0.9599,0.1366,-0.2446,-0.0627,0.9557,0.2876,0.2731,-0.2607,0.9260},["Index"]={0.0000,0.0000,0.0000,1.0000,0.0000,0.0000,0.0000,1.0000,0.0000,0.0000,0.0000,1.0000},["Neck"]={0.0000,0.0000,0.0074,0.9753,-0.2175,-0.0386,0.2174,0.9141,0.3424,-0.0392,-0.3423,0.9388},["Right Hip"]={-0.0604,0.4055,-0.1145,0.9150,-0.2529,-0.3143,0.3247,0.9241,0.2017,0.2394,-0.2866,0.9277},["Holder"]={0.0000,0.0000,0.0000,1.0000,0.0000,0.0000,0.0000,1.0000,0.0000,0.0000,0.0000,1.0000},["Wrap"]={0.0000,0.0000,0.0000,1.0000,0.0000,0.0000,0.0000,1.0000,0.0000,0.0000,0.0000,1.0000},["Little"]={0.0000,0.0000,0.0000,1.0000,0.0000,0.0000,0.0000,1.0000,0.0000,0.0000,0.0000,1.0000},["Weld"]={0.0000,0.0000,0.0000,1.0000,0.0000,0.0000,0.0000,1.0000,0.0000,0.0000,0.0000,1.0000},["Thumb"]={0.0000,0.0000,0.0000,1.0000,0.0000,0.0000,0.0000,1.0000,0.0000,0.0000,0.0000,1.0000},["Middle"]={0.0000,0.0000,0.0000,1.0000,0.0000,0.0000,0.0000,1.0000,0.0000,0.0000,0.0000,1.0000},["Left Hip"]={-0.0875,0.4733,0.1140,0.9098,-0.1007,0.4026,0.0772,0.9943,0.0742,-0.4078,-0.0364,0.9124},["Ring"]={0.0000,0.0000,0.0000,1.0000,0.0000,0.0000,0.0000,1.0000,0.0000,0.0000,0.0000,1.0000},["RootJoint"]={-0.2513,-0.0294,-0.7403,0.9845,0.1681,-0.0498,-0.1727,0.8807,-0.4410,-0.0303,0.4428,0.8961}}},
{t=0.4032,b={["Left Shoulder"]={-0.0646,-0.0004,0.0501,0.9687,0.1725,0.1787,-0.2151,0.9423,0.2565,-0.1241,-0.2869,0.9499},["Right Shoulder"]={0.0041,0.0040,-0.0040,0.9836,0.0799,-0.1615,-0.0498,0.9820,0.1823,0.1732,-0.1713,0.9699},["Index"]={0.0000,0.0000,0.0000,1.0000,0.0000,0.0000,0.0000,1.0000,0.0000,0.0000,0.0000,1.0000},["Neck"]={-0.0000,0.0000,0.0046,0.9906,-0.1363,-0.0150,0.1363,0.9662,0.2187,-0.0153,-0.2187,0.9757},["Right Hip"]={-0.0377,0.2579,-0.0716,0.9673,-0.1687,-0.1894,0.1964,0.9708,0.1380,0.1606,-0.1707,0.9722},["Holder"]={0.0000,0.0000,0.0000,1.0000,0.0000,0.0000,0.0000,1.0000,0.0000,0.0000,0.0000,1.0000},["Wrap"]={0.0000,0.0000,0.0000,1.0000,0.0000,0.0000,0.0000,1.0000,0.0000,0.0000,0.0000,1.0000},["Little"]={0.0000,0.0000,0.0000,1.0000,0.0000,0.0000,0.0000,1.0000,0.0000,0.0000,0.0000,1.0000},["Weld"]={0.0000,0.0000,0.0000,1.0000,0.0000,0.0000,0.0000,1.0000,0.0000,0.0000,0.0000,1.0000},["Thumb"]={0.0000,0.0000,0.0000,1.0000,0.0000,0.0000,0.0000,1.0000,0.0000,0.0000,0.0000,1.0000},["Middle"]={0.0000,0.0000,0.0000,1.0000,0.0000,0.0000,0.0000,1.0000,0.0000,0.0000,0.0000,1.0000},["Left Hip"]={-0.0547,0.3014,0.0713,0.9652,-0.0606,0.2545,0.0516,0.9978,0.0421,-0.2565,-0.0276,0.9662},["Ring"]={0.0000,0.0000,0.0000,1.0000,0.0000,0.0000,0.0000,1.0000,0.0000,0.0000,0.0000,1.0000},["RootJoint"]={-0.1571,-0.0184,-0.4687,0.9940,0.1069,-0.0216,-0.1087,0.9541,-0.2791,-0.0092,0.2798,0.9600}}},
}
local aS=c:FindFirstChild('Animate') if aS then aS.Disabled=true end
local an=nil if h then an=h:FindFirstChildOfClass('Animator') if an then for _,t in pairs(an:GetPlayingAnimationTracks()) do t:Stop(0) end end end
local m={} for _,v in pairs(c:GetDescendants()) do if v:IsA('Motor6D') then m[v.Name]=v end end
local sT=os.clock() local tD=fd[#fd].t if tD<=0 then tD=1 end
local done=false local cn cn=R.Stepped:Connect(function()
if done then return end if an then for _,t in pairs(an:GetPlayingAnimationTracks()) do t:Stop(0) end end
local e=os.clock()-sT
if e>=tD then done=true cn:Disconnect() if aS then aS.Disabled=false end return end
local pf,nf=fd[1],fd[#fd] for i=1,#fd-1 do if fd[i].t<=e and fd[i+1].t>=e then pf=fd[i] nf=fd[i+1] break end end
local sp=nf.t-pf.t local al=sp>0 and(e-pf.t)/sp or 0
for k,motor in pairs(m) do local pd,nd=pf.b[k],nf.b[k] if pd and nd then motor.Transform=tCF(pd):Lerp(tCF(nd),al) elseif pd then motor.Transform=tCF(pd) elseif nd then motor.Transform=tCF(nd) end end
end)
return nil