local P=game:GetService('Players') local R=game:GetService('RunService')
local pl=P.LocalPlayer local c=pl.Character or pl.CharacterAdded:Wait()
local h=c:FindFirstChildOfClass('Humanoid')
local function tCF(d) return CFrame.new(d[1],d[2],d[3],d[4],d[5],d[6],d[7],d[8],d[9],d[10],d[11],d[12]) end
local fd={
{t=0.0000,b={["Left Shoulder"]={0.0774,-0.4259,-0.0617,0.6587,-0.5466,0.5171,0.0568,0.7214,0.6902,-0.7502,-0.4253,0.5062},["Right Shoulder"]={0.1143,-0.0470,-0.0993,0.6459,-0.5158,-0.5629,0.3500,0.8553,-0.3820,0.6785,0.0497,0.7330},["Index"]={0.0048,0.0061,0.0038,1.0000,-0.0092,0.0021,0.0091,0.9996,0.0259,-0.0023,-0.0259,0.9997},["Neck"]={-0.0000,-0.0000,0.0167,0.4902,0.8697,-0.0574,-0.8148,0.4339,-0.3845,-0.3095,0.2353,0.9213},["Right Hip"]={0.7396,-0.2594,0.4435,0.3564,0.8118,-0.4626,-0.9170,0.3989,-0.0065,0.1792,0.4265,0.8866},["Holder"]={0.0000,0.0000,0.0000,1.0000,0.0000,0.0001,-0.0000,1.0000,0.0064,-0.0001,-0.0064,1.0000},["Wrap"]={0.0000,-0.0000,0.0000,1.0000,-0.0000,-0.0003,0.0000,1.0000,-0.0038,0.0003,0.0038,1.0000},["Little"]={0.0011,0.0031,0.0001,0.9994,-0.0047,0.0344,0.0025,0.9979,0.0646,-0.0346,-0.0645,0.9973},["Weld"]={0.0019,-0.0049,0.0233,1.0000,0.0059,-0.0036,-0.0060,0.9999,-0.0084,0.0035,0.0085,1.0000},["Thumb"]={-0.0016,0.0072,0.0027,0.9996,-0.0014,0.0277,0.0009,0.9999,0.0168,-0.0277,-0.0167,0.9995},["Middle"]={0.0038,0.0028,-0.0002,0.9998,-0.0180,0.0130,0.0180,0.9998,0.0030,-0.0131,-0.0028,0.9999},["Left Hip"]={-0.0425,0.0962,-0.0149,0.9747,0.1734,-0.1410,-0.1432,0.9689,0.2017,0.1716,-0.1765,0.9692},["Ring"]={0.0056,0.0069,0.0006,0.9997,-0.0208,0.0084,0.0207,0.9997,0.0133,-0.0087,-0.0131,0.9999},["RootJoint"]={-1.5471,-0.2613,-1.0014,0.2442,-0.7298,-0.6385,0.9568,0.2885,0.0362,0.1578,-0.6198,0.7687}}},
{t=0.0636,b={["Left Shoulder"]={0.0774,-0.4259,-0.0617,0.6587,-0.5466,0.5171,0.0568,0.7214,0.6902,-0.7502,-0.4253,0.5062},["Right Shoulder"]={0.1143,-0.0470,-0.0993,0.6459,-0.5158,-0.5629,0.3500,0.8553,-0.3820,0.6785,0.0497,0.7330},["Index"]={0.0050,0.0067,0.0045,0.9999,-0.0105,0.0034,0.0104,0.9996,0.0250,-0.0037,-0.0249,0.9997},["Neck"]={0.0000,-0.0000,0.0167,0.4914,0.8686,-0.0635,-0.8215,0.4380,-0.3651,-0.2893,0.2316,0.9288},["Right Hip"]={0.7331,-0.2224,0.4497,0.4154,0.7757,-0.4751,-0.8917,0.4504,-0.0442,0.1797,0.4420,0.8788},["Holder"]={0.0000,0.0000,0.0000,1.0000,0.0000,0.0002,-0.0000,0.9999,0.0106,-0.0002,-0.0106,0.9999},["Wrap"]={0.0000,-0.0000,0.0000,1.0000,-0.0000,-0.0005,0.0000,1.0000,-0.0064,0.0005,0.0064,1.0000},["Little"]={0.0012,0.0052,0.0008,0.9993,-0.0050,0.0361,0.0027,0.9979,0.0640,-0.0363,-0.0639,0.9973},["Weld"]={0.0019,-0.0068,0.0233,1.0000,0.0051,-0.0032,-0.0051,1.0000,-0.0073,0.0032,0.0073,1.0000},["Thumb"]={-0.0020,0.0085,0.0034,0.9996,0.0007,0.0282,-0.0012,0.9998,0.0179,-0.0282,-0.0179,0.9994},["Middle"]={0.0046,0.0034,-0.0003,0.9997,-0.0198,0.0116,0.0198,0.9998,0.0033,-0.0116,-0.0031,0.9999},["Left Hip"]={-0.0422,0.1015,-0.0160,0.9690,0.2034,-0.1402,-0.1709,0.9618,0.2141,0.1784,-0.1835,0.9667},["Ring"]={0.0061,0.0074,0.0007,0.9998,-0.0212,0.0056,0.0211,0.9997,0.0140,-0.0058,-0.0139,0.9999},["RootJoint"]={-1.5864,-0.2591,-0.9942,0.2476,-0.7431,-0.6217,0.9568,0.2885,0.0362,0.1524,-0.6038,0.7825}}},
{t=0.1147,b={["Left Shoulder"]={0.0774,-0.4259,-0.0617,0.6587,-0.5466,0.5171,0.0568,0.7214,0.6902,-0.7502,-0.4253,0.5062},["Right Shoulder"]={0.1143,-0.0470,-0.0993,0.6459,-0.5158,-0.5629,0.3500,0.8553,-0.3820,0.6785,0.0497,0.7330},["Index"]={0.0050,0.0070,0.0050,0.9999,-0.0112,0.0045,0.0111,0.9997,0.0232,-0.0048,-0.0231,0.9997},["Neck"]={0.0000,-0.0000,0.0167,0.4923,0.8678,-0.0682,-0.8262,0.4411,-0.3505,-0.2740,0.2289,0.9341},["Right Hip"]={0.7249,-0.1964,0.4541,0.4580,0.7461,-0.4834,-0.8702,0.4873,-0.0725,0.1815,0.4538,0.8724},["Holder"]={0.0000,0.0000,0.0000,1.0000,0.0000,0.0002,-0.0000,0.9999,0.0138,-0.0002,-0.0138,0.9999},["Wrap"]={0.0000,-0.0000,0.0000,1.0000,-0.0000,-0.0007,0.0000,1.0000,-0.0083,0.0007,0.0083,1.0000},["Little"]={0.0012,0.0068,0.0014,0.9993,-0.0046,0.0375,0.0023,0.9980,0.0629,-0.0378,-0.0628,0.9973},["Weld"]={0.0019,-0.0081,0.0233,1.0000,0.0042,-0.0027,-0.0042,1.0000,-0.0061,0.0027,0.0061,1.0000},["Thumb"]={-0.0023,0.0093,0.0039,0.9996,0.0024,0.0278,-0.0029,0.9998,0.0182,-0.0277,-0.0183,0.9994},["Middle"]={0.0050,0.0038,-0.0003,0.9997,-0.0206,0.0099,0.0206,0.9998,0.0035,-0.0099,-0.0033,0.9999},["Left Hip"]={-0.0423,0.1059,-0.0170,0.9636,0.2276,-0.1401,-0.1930,0.9552,0.2242,0.1848,-0.1890,0.9644},["Ring"]={0.0062,0.0076,0.0007,0.9998,-0.0208,0.0033,0.0208,0.9997,0.0138,-0.0036,-0.0137,0.9999},["RootJoint"]={-1.6158,-0.2574,-0.9890,0.2501,-0.7529,-0.6087,0.9568,0.2885,0.0363,0.1483,-0.5915,0.7925}}},
{t=0.1668,b={["Left Shoulder"]={0.0731,-0.4025,-0.0583,0.6910,-0.5142,0.5080,0.0705,0.7475,0.6606,-0.7194,-0.4206,0.5528},["Right Shoulder"]={0.1079,-0.0444,-0.0938,0.6808,-0.4905,-0.5440,0.3411,0.8696,-0.3571,0.6482,0.0575,0.7593},["Index"]={0.0046,0.0068,0.0052,0.9999,-0.0114,0.0058,0.0113,0.9998,0.0193,-0.0060,-0.0192,0.9998},["Neck"]={0.0000,-0.0000,0.0157,0.5403,0.8394,-0.0585,-0.8049,0.4953,-0.3267,-0.2452,0.2236,0.9433},["Right Hip"]={0.6782,-0.1700,0.4315,0.5335,0.7073,-0.4638,-0.8248,0.5565,-0.1001,0.1874,0.4360,0.8802},["Holder"]={0.0000,0.0000,0.0000,1.0000,0.0000,0.0002,-0.0000,0.9999,0.0136,-0.0002,-0.0136,0.9999},["Wrap"]={-0.0000,-0.0000,0.0000,1.0000,-0.0000,-0.0007,0.0000,1.0000,-0.0082,0.0007,0.0082,1.0000},["Little"]={0.0012,0.0082,0.0020,0.9992,-0.0032,0.0392,0.0008,0.9982,0.0604,-0.0394,-0.0603,0.9974},["Weld"]={0.0019,-0.0090,0.0233,1.0000,0.0028,-0.0018,-0.0028,1.0000,-0.0041,0.0018,0.0041,1.0000},["Thumb"]={-0.0025,0.0097,0.0042,0.9997,0.0045,0.0258,-0.0050,0.9998,0.0176,-0.0257,-0.0177,0.9995},["Middle"]={0.0053,0.0041,-0.0003,0.9998,-0.0204,0.0070,0.0203,0.9998,0.0035,-0.0071,-0.0034,1.0000},["Left Hip"]={-0.0403,0.1033,-0.0168,0.9633,0.2322,-0.1346,-0.1996,0.9552,0.2186,0.1793,-0.1837,0.9665},["Ring"]={0.0059,0.0073,0.0006,0.9998,-0.0192,0.0009,0.0192,0.9997,0.0122,-0.0012,-0.0121,0.9999},["RootJoint"]={-1.5444,-0.2421,-0.9309,0.3156,-0.7548,-0.5750,0.9354,0.3493,0.0549,0.1594,-0.5552,0.8163}}},
{t=0.2326,b={["Left Shoulder"]={0.0559,-0.3085,-0.0445,0.8117,-0.3787,0.4446,0.1077,0.8453,0.5234,-0.5740,-0.3769,0.7269},["Right Shoulder"]={0.0825,-0.0339,-0.0717,0.8075,-0.3808,-0.4504,0.2909,0.9214,-0.2576,0.5131,0.0770,0.8549},["Index"]={0.0040,0.0065,0.0054,0.9999,-0.0114,0.0075,0.0113,0.9998,0.0133,-0.0077,-0.0132,0.9999},["Neck"]={-0.0000,-0.0000,0.0120,0.7183,0.6956,-0.0153,-0.6745,0.6907,-0.2608,-0.1709,0.1977,0.9653},["Right Hip"]={0.5186,-0.1300,0.3299,0.7140,0.6028,-0.3563,-0.6748,0.7281,-0.1205,0.1868,0.3265,0.9266},["Holder"]={0.0000,0.0000,0.0000,1.0000,0.0000,0.0002,-0.0000,0.9999,0.0123,-0.0002,-0.0123,0.9999},["Wrap"]={-0.0000,-0.0000,0.0000,1.0000,-0.0000,-0.0006,0.0000,1.0000,-0.0074,0.0006,0.0074,1.0000},["Little"]={0.0012,0.0100,0.0028,0.9991,-0.0010,0.0415,-0.0014,0.9984,0.0567,-0.0415,-0.0567,0.9975},["Weld"]={0.0019,-0.0100,0.0233,1.0000,0.0007,-0.0004,-0.0008,1.0000,-0.0014,0.0004,0.0014,1.0000},["Thumb"]={-0.0028,0.0100,0.0046,0.9997,0.0073,0.0228,-0.0077,0.9998,0.0164,-0.0227,-0.0166,0.9996},["Middle"]={0.0056,0.0043,-0.0003,0.9998,-0.0195,0.0029,0.0195,0.9998,0.0036,-0.0030,-0.0036,1.0000},["Left Hip"]={-0.0308,0.0790,-0.0128,0.9784,0.1761,-0.1079,-0.1570,0.9737,0.1654,0.1342,-0.1449,0.9803},["Ring"]={0.0055,0.0067,0.0006,0.9999,-0.0166,-0.0020,0.0166,0.9998,0.0094,0.0018,-0.0094,1.0000},["RootJoint"]={-1.1810,-0.1851,-0.7118,0.5690,-0.6859,-0.4536,0.7997,0.5902,0.1106,0.1919,-0.4257,0.8843}}},
{t=0.2834,b={["Left Shoulder"]={0.0430,-0.2332,-0.0343,0.8863,-0.2775,0.3708,0.1142,0.9068,0.4058,-0.4488,-0.3173,0.8354},["Right Shoulder"]={0.0635,-0.0243,-0.0552,0.8847,-0.2907,-0.3644,0.2373,0.9537,-0.1847,0.4012,0.0769,0.9128},["Index"]={0.0033,0.0057,0.0050,0.9999,-0.0104,0.0088,0.0104,0.9999,0.0078,-0.0089,-0.0078,0.9999},["Neck"]={-0.0000,-0.0000,0.0093,0.8307,0.5567,0.0069,-0.5441,0.8143,-0.2021,-0.1181,0.1641,0.9794},["Right Hip"]={0.3989,-0.0994,0.2538,0.8281,0.4917,-0.2691,-0.5350,0.8366,-0.1177,0.1673,0.2415,0.9559},["Holder"]={0.0000,0.0000,0.0000,1.0000,0.0000,0.0002,-0.0001,1.0000,0.0087,-0.0002,-0.0087,1.0000},["Wrap"]={-0.0000,-0.0000,-0.0000,1.0000,-0.0000,-0.0004,0.0000,1.0000,-0.0053,0.0004,0.0053,1.0000},["Little"]={0.0012,0.0102,0.0030,0.9991,0.0013,0.0427,-0.0036,0.9986,0.0536,-0.0426,-0.0537,0.9977},["Weld"]={0.0019,-0.0098,0.0233,1.0000,-0.0007,0.0007,0.0007,1.0000,0.0005,-0.0007,-0.0005,1.0000},["Thumb"]={-0.0029,0.0096,0.0044,0.9998,0.0088,0.0203,-0.0091,0.9998,0.0148,-0.0202,-0.0150,0.9997},["Middle"]={0.0054,0.0042,-0.0003,0.9998,-0.0175,-0.0004,0.0175,0.9998,0.0038,0.0003,-0.0038,1.0000},["Left Hip"]={-0.0237,0.0615,-0.0099,0.9872,0.1343,-0.0857,-0.1230,0.9844,0.1259,0.1013,-0.1138,0.9883},["Ring"]={0.0047,0.0058,0.0005,0.9999,-0.0140,-0.0027,0.0140,0.9999,0.0061,0.0026,-0.0062,1.0000},["RootJoint"]={-0.9085,-0.1424,-0.5484,0.7387,-0.5786,-0.3458,0.6476,0.7515,0.1258,0.1871,-0.3168,0.9298}}},
{t=0.3494,b={["Left Shoulder"]={0.0258,-0.1337,-0.0206,0.9588,-0.1519,0.2403,0.0927,0.9662,0.2407,-0.2687,-0.2085,0.9404},["Right Shoulder"]={0.0381,-0.0112,-0.0331,0.9581,-0.1683,-0.2316,0.1497,0.9841,-0.0957,0.2440,0.0570,0.9681},["Index"]={0.0023,0.0045,0.0043,0.9999,-0.0088,0.0104,0.0088,1.0000,0.0002,-0.0104,-0.0001,0.9999},["Neck"]={0.0000,-0.0000,0.0056,0.9394,0.3424,0.0191,-0.3380,0.9338,-0.1174,-0.0580,0.1039,0.9929},["Right Hip"]={0.2393,-0.0571,0.1523,0.9386,0.3092,-0.1529,-0.3246,0.9417,-0.0888,0.1165,0.1330,0.9842},["Holder"]={0.0000,0.0000,0.0000,1.0000,0.0001,0.0001,-0.0001,1.0000,0.0040,-0.0001,-0.0040,1.0000},["Wrap"]={-0.0000,-0.0000,-0.0000,1.0000,-0.0000,-0.0002,0.0000,1.0000,-0.0024,0.0002,0.0024,1.0000},["Little"]={0.0012,0.0099,0.0032,0.9990,0.0046,0.0439,-0.0068,0.9988,0.0493,-0.0437,-0.0495,0.9978},["Weld"]={0.0019,-0.0091,0.0233,1.0000,-0.0026,0.0021,0.0026,1.0000,0.0028,-0.0021,-0.0028,1.0000},["Thumb"]={-0.0029,0.0087,0.0039,0.9998,0.0103,0.0171,-0.0105,0.9999,0.0123,-0.0170,-0.0124,0.9998},["Middle"]={0.0049,0.0038,-0.0003,0.9999,-0.0142,-0.0046,0.0142,0.9999,0.0041,0.0046,-0.0042,1.0000},["Left Hip"]={-0.0142,0.0401,-0.0059,0.9954,0.0794,-0.0535,-0.0754,0.9944,0.0743,0.0591,-0.0699,0.9958},["Ring"]={0.0036,0.0044,0.0003,0.9999,-0.0103,-0.0026,0.0103,0.9999,0.0013,0.0026,-0.0013,1.0000},["RootJoint"]={-0.5451,-0.0854,-0.3325,0.9071,-0.3727,-0.1955,0.3972,0.9117,0.1050,0.1391,-0.1729,0.9751}}},
{t=0.3993,b={["Left Shoulder"]={0.0129,-0.0582,-0.0103,0.9894,-0.0710,0.1263,0.0559,0.9913,0.1193,-0.1337,-0.1110,0.9848},["Right Shoulder"]={0.0190,-0.0008,-0.0165,0.9892,-0.0786,-0.1234,0.0745,0.9965,-0.0375,0.1260,0.0279,0.9916},["Index"]={0.0015,0.0034,0.0035,0.9999,-0.0073,0.0110,0.0073,1.0000,-0.0045,-0.0110,0.0046,0.9999},["Neck"]={-0.0000,-0.0000,0.0028,0.9851,0.1714,0.0148,-0.1704,0.9839,-0.0532,-0.0237,0.0499,0.9985},["Right Hip"]={0.1197,-0.0232,0.0761,0.9851,0.1565,-0.0717,-0.1602,0.9858,-0.0500,0.0629,0.0608,0.9962},["Holder"]={0.0000,0.0000,0.0000,1.0000,0.0001,0.0001,-0.0001,1.0000,0.0005,-0.0001,-0.0005,1.0000},["Wrap"]={-0.0000,-0.0000,-0.0000,1.0000,-0.0000,-0.0000,0.0000,1.0000,-0.0003,0.0000,0.0003,1.0000},["Little"]={0.0012,0.0087,0.0030,0.9990,0.0069,0.0440,-0.0090,0.9989,0.0467,-0.0437,-0.0471,0.9979},["Weld"]={0.0019,-0.0078,0.0233,1.0000,-0.0035,0.0029,0.0035,1.0000,0.0038,-0.0029,-0.0038,1.0000},["Thumb"]={-0.0028,0.0075,0.0033,0.9998,0.0104,0.0148,-0.0106,0.9999,0.0101,-0.0147,-0.0103,0.9998},["Middle"]={0.0042,0.0033,-0.0002,0.9999,-0.0112,-0.0069,0.0112,0.9999,0.0042,0.0068,-0.0043,1.0000},["Left Hip"]={-0.0071,0.0267,-0.0030,0.9989,0.0392,-0.0274,-0.0382,0.9986,0.0366,0.0288,-0.0355,0.9990},["Ring"]={0.0026,0.0032,0.0002,1.0000,-0.0078,-0.0015,0.0078,1.0000,-0.0020,0.0015,0.0020,1.0000},["RootJoint"]={-0.2725,-0.0427,-0.1734,0.9778,-0.1893,-0.0903,0.1952,0.9789,0.0613,0.0768,-0.0775,0.9940}}},
}
local aS=c:FindFirstChild('Animate') if aS then aS.Disabled=true end
local an=nil if h then an=h:FindFirstChildOfClass('Animator') if an then for _,t in pairs(an:GetPlayingAnimationTracks()) do t:Stop(0) end end end
local m={} for _,v in pairs(c:GetDescendants()) do if v:IsA('Motor6D') then m[v.Name]=v end end
local sT=os.clock() local tD=fd[#fd].t if tD<=0 then tD=1 end
local done=false local cn cn=R.Stepped:Connect(function()
if done then return end if an then for _,t in pairs(an:GetPlayingAnimationTracks()) do t:Stop(0) end end
local e=os.clock()-sT
if e>=tD then done=true cn:Disconnect() if aS then aS.Disabled=false end return end
local pf,nf=fd[1],fd[#fd] for i=1,#fd-1 do if fd[i].t<=e and fd[i+1].t>=e then pf=fd[i] nf=fd[i+1] break end end
local sp=nf.t-pf.t local al=sp>0 and(e-pf.t)/sp or 0
for k,motor in pairs(m) do local pd,nd=pf.b[k],nf.b[k] if pd and nd then motor.Transform=tCF(pd):Lerp(tCF(nd),al) elseif pd then motor.Transform=tCF(pd) elseif nd then motor.Transform=tCF(nd) end end
end)
return nil