local P=game:GetService('Players') local R=game:GetService('RunService')
local pl=P.LocalPlayer local c=pl.Character or pl.CharacterAdded:Wait()
local h=c:FindFirstChildOfClass('Humanoid')
local function tCF(d) return CFrame.new(d[1],d[2],d[3],d[4],d[5],d[6],d[7],d[8],d[9],d[10],d[11],d[12]) end
local fd={
{t=0.0000,b={["Left Shoulder"]={0.1292,-0.1816,0.0339,0.9487,0.2624,-0.1766,-0.0903,0.7599,0.6438,0.3032,-0.5948,0.7446},["Right Shoulder"]={0.2543,-0.2956,0.4708,0.3839,0.7258,-0.5709,0.4314,0.4056,0.8058,0.8164,-0.5556,-0.1574},["Index"]={0.0000,0.0000,0.0000,1.0000,0.0000,0.0000,0.0000,1.0000,0.0000,0.0000,0.0000,1.0000},["Neck"]={-0.0000,-0.0000,0.0167,0.9048,-0.4249,0.0291,0.3211,0.6356,-0.7021,0.2799,0.6446,0.7115},["Right Hip"]={0.3064,0.5219,-0.2203,0.9753,0.0289,-0.2192,0.1442,0.6682,0.7299,0.1676,-0.7434,0.6475},["Holder"]={0.0000,0.0000,0.0000,1.0000,0.0000,0.0000,0.0000,1.0000,0.0000,0.0000,0.0000,1.0000},["Wrap"]={0.0000,0.0000,0.0000,1.0000,0.0000,0.0000,0.0000,1.0000,0.0000,0.0000,0.0000,1.0000},["Little"]={0.0000,0.0000,0.0000,1.0000,0.0000,0.0000,0.0000,1.0000,0.0000,0.0000,0.0000,1.0000},["Weld"]={0.0000,0.0000,0.0000,1.0000,0.0000,0.0000,0.0000,1.0000,0.0000,0.0000,0.0000,1.0000},["Thumb"]={0.0000,0.0000,0.0000,1.0000,0.0000,0.0000,0.0000,1.0000,0.0000,0.0000,0.0000,1.0000},["Middle"]={0.0000,0.0000,0.0000,1.0000,0.0000,0.0000,0.0000,1.0000,0.0000,0.0000,0.0000,1.0000},["Left Hip"]={0.2427,0.0552,0.4070,-0.4131,-0.6913,0.5928,0.6405,0.2421,0.7288,-0.6473,0.6808,0.3427},["Ring"]={0.0000,0.0000,0.0000,1.0000,0.0000,0.0000,0.0000,1.0000,0.0000,0.0000,0.0000,1.0000},["RootJoint"]={1.7366,0.7890,-1.1820,0.4008,0.7098,0.5793,-0.7472,-0.1128,0.6550,0.5302,-0.6953,0.4851}}},
{t=0.0644,b={["Left Shoulder"]={0.1292,-0.1816,0.0339,0.9487,0.2624,-0.1766,-0.0903,0.7599,0.6438,0.3032,-0.5948,0.7446},["Right Shoulder"]={0.2691,-0.3131,0.4789,0.3959,0.7265,-0.5616,0.4038,0.4115,0.8171,0.8248,-0.5502,-0.1304},["Index"]={0.0000,0.0000,0.0000,1.0000,0.0000,0.0000,0.0000,1.0000,0.0000,0.0000,0.0000,1.0000},["Neck"]={0.0000,-0.0000,0.0167,0.8982,-0.4389,0.0252,0.3242,0.6224,-0.7124,0.2970,0.6481,0.7013},["Right Hip"]={0.2483,0.4846,-0.2032,0.9786,-0.0055,-0.2058,0.1556,0.6744,0.7218,0.1349,-0.7383,0.6608},["Holder"]={0.0000,0.0000,0.0000,1.0000,0.0000,0.0000,0.0000,1.0000,0.0000,0.0000,0.0000,1.0000},["Wrap"]={0.0000,0.0000,0.0000,1.0000,0.0000,0.0000,0.0000,1.0000,0.0000,0.0000,0.0000,1.0000},["Little"]={0.0000,0.0000,0.0000,1.0000,0.0000,0.0000,0.0000,1.0000,0.0000,0.0000,0.0000,1.0000},["Weld"]={0.0000,0.0000,0.0000,1.0000,0.0000,0.0000,0.0000,1.0000,0.0000,0.0000,0.0000,1.0000},["Thumb"]={0.0000,0.0000,0.0000,1.0000,0.0000,0.0000,0.0000,1.0000,0.0000,0.0000,0.0000,1.0000},["Middle"]={0.0000,0.0000,0.0000,1.0000,0.0000,0.0000,0.0000,1.0000,0.0000,0.0000,0.0000,1.0000},["Left Hip"]={0.2609,0.0723,0.3874,-0.4252,-0.6859,0.5905,0.6262,0.2481,0.7391,-0.6535,0.6841,0.3240},["Ring"]={0.0000,0.0000,0.0000,1.0000,0.0000,0.0000,0.0000,1.0000,0.0000,0.0000,0.0000,1.0000},["RootJoint"]={1.7970,0.7644,-1.1587,0.3869,0.7042,0.5953,-0.7550,-0.1286,0.6430,0.5294,-0.6982,0.4819}}},
{t=0.1161,b={["Left Shoulder"]={0.1292,-0.1816,0.0339,0.9487,0.2624,-0.1766,-0.0903,0.7599,0.6438,0.3032,-0.5948,0.7446},["Right Shoulder"]={0.2774,-0.3227,0.4836,0.4062,0.7357,-0.5419,0.3663,0.4122,0.8342,0.8371,-0.5374,-0.1021},["Index"]={0.0000,0.0000,0.0000,1.0000,0.0000,0.0000,0.0000,1.0000,0.0000,0.0000,0.0000,1.0000},["Neck"]={-0.0000,-0.0000,0.0167,0.8933,-0.4481,0.0340,0.3291,0.6009,-0.7284,0.3060,0.6619,0.6843},["Right Hip"]={0.1299,0.4288,-0.1848,0.9796,-0.0719,-0.1874,0.1867,0.6694,0.7191,0.0738,-0.7394,0.6692},["Holder"]={0.0000,0.0000,0.0000,1.0000,0.0000,0.0000,0.0000,1.0000,0.0000,0.0000,0.0000,1.0000},["Wrap"]={0.0000,0.0000,0.0000,1.0000,0.0000,0.0000,0.0000,1.0000,0.0000,0.0000,0.0000,1.0000},["Little"]={0.0000,0.0000,0.0000,1.0000,0.0000,0.0000,0.0000,1.0000,0.0000,0.0000,0.0000,1.0000},["Weld"]={0.0000,0.0000,0.0000,1.0000,0.0000,0.0000,0.0000,1.0000,0.0000,0.0000,0.0000,1.0000},["Thumb"]={0.0000,0.0000,0.0000,1.0000,0.0000,0.0000,0.0000,1.0000,0.0000,0.0000,0.0000,1.0000},["Middle"]={0.0000,0.0000,0.0000,1.0000,0.0000,0.0000,0.0000,1.0000,0.0000,0.0000,0.0000,1.0000},["Left Hip"]={0.2912,0.0863,0.3459,-0.4375,-0.6775,0.5912,0.6150,0.2542,0.7464,-0.6560,0.6902,0.3054},["Ring"]={0.0000,0.0000,0.0000,1.0000,0.0000,0.0000,0.0000,1.0000,0.0000,0.0000,0.0000,1.0000},["RootJoint"]={1.8885,0.7528,-1.1296,0.3767,0.6951,0.6124,-0.7540,-0.1540,0.6386,0.5382,-0.7023,0.4661}}},
{t=0.1805,b={["Left Shoulder"]={0.1149,-0.1614,0.0301,0.9577,0.2358,-0.1652,-0.0979,0.8065,0.5831,0.2707,-0.5423,0.7954},["Right Shoulder"]={0.2479,-0.2883,0.4307,0.5023,0.6582,-0.5608,0.2629,0.5016,0.8242,0.8238,-0.5614,0.0789},["Index"]={0.0000,0.0000,0.0000,1.0000,0.0000,0.0000,0.0000,1.0000,0.0000,0.0000,0.0000,1.0000},["Neck"]={0.0000,0.0000,0.0148,0.9117,-0.4103,0.0220,0.3148,0.6630,-0.6792,0.2641,0.6262,0.7336},["Right Hip"]={-0.0201,0.3334,-0.1525,0.9780,-0.1470,-0.1482,0.2085,0.7213,0.6605,0.0098,-0.6768,0.7361},["Holder"]={0.0000,0.0000,0.0000,1.0000,0.0000,0.0000,0.0000,1.0000,0.0000,0.0000,0.0000,1.0000},["Wrap"]={0.0000,0.0000,0.0000,1.0000,0.0000,0.0000,0.0000,1.0000,0.0000,0.0000,0.0000,1.0000},["Little"]={0.0000,0.0000,0.0000,1.0000,0.0000,0.0000,0.0000,1.0000,0.0000,0.0000,0.0000,1.0000},["Weld"]={0.0000,0.0000,0.0000,1.0000,0.0000,0.0000,0.0000,1.0000,0.0000,0.0000,0.0000,1.0000},["Thumb"]={0.0000,0.0000,0.0000,1.0000,0.0000,0.0000,0.0000,1.0000,0.0000,0.0000,0.0000,1.0000},["Middle"]={0.0000,0.0000,0.0000,1.0000,0.0000,0.0000,0.0000,1.0000,0.0000,0.0000,0.0000,1.0000},["Left Hip"]={0.2783,0.0846,0.2757,-0.2607,-0.7191,0.6442,0.6626,0.3520,0.6611,-0.7021,0.5992,0.3847},["Ring"]={0.0000,0.0000,0.0000,1.0000,0.0000,0.0000,0.0000,1.0000,0.0000,0.0000,0.0000,1.0000},["RootJoint"]={1.7359,0.6681,-0.9887,0.4652,0.7041,0.5366,-0.7561,0.0009,0.6544,0.4603,-0.7101,0.5328}}},
{t=0.2337,b={["Left Shoulder"]={0.0933,-0.1311,0.0245,0.9670,0.2135,-0.1392,-0.1213,0.8658,0.4855,0.2242,-0.4526,0.8631},["Right Shoulder"]={0.2015,-0.2343,0.3500,0.6506,0.4911,-0.5793,0.1689,0.6501,0.7408,0.7404,-0.5798,0.3401},["Index"]={0.0000,0.0000,0.0000,1.0000,0.0000,0.0000,0.0000,1.0000,0.0000,0.0000,0.0000,1.0000},["Neck"]={0.0000,0.0000,0.0120,0.9403,-0.3403,-0.0061,0.2758,0.7721,-0.5725,0.1996,0.5366,0.8199},["Right Hip"]={-0.0163,0.2709,-0.1239,0.9850,-0.1301,-0.1134,0.1715,0.8123,0.5575,0.0196,-0.5685,0.8224},["Holder"]={0.0000,0.0000,0.0000,1.0000,0.0000,0.0000,0.0000,1.0000,0.0000,0.0000,0.0000,1.0000},["Wrap"]={0.0000,0.0000,0.0000,1.0000,0.0000,0.0000,0.0000,1.0000,0.0000,0.0000,0.0000,1.0000},["Little"]={0.0000,0.0000,0.0000,1.0000,0.0000,0.0000,0.0000,1.0000,0.0000,0.0000,0.0000,1.0000},["Weld"]={0.0000,0.0000,0.0000,1.0000,0.0000,0.0000,0.0000,1.0000,0.0000,0.0000,0.0000,1.0000},["Thumb"]={0.0000,0.0000,0.0000,1.0000,0.0000,0.0000,0.0000,1.0000,0.0000,0.0000,0.0000,1.0000},["Middle"]={0.0000,0.0000,0.0000,1.0000,0.0000,0.0000,0.0000,1.0000,0.0000,0.0000,0.0000,1.0000},["Left Hip"]={0.2261,0.0688,0.2240,0.0684,-0.7371,0.6723,0.6912,0.5210,0.5009,-0.7194,0.4304,0.5451},["Ring"]={0.0000,0.0000,0.0000,1.0000,0.0000,0.0000,0.0000,1.0000,0.0000,0.0000,0.0000,1.0000},["RootJoint"]={1.4104,0.5429,-0.8033,0.6168,0.6816,0.3937,-0.7189,0.2841,0.6344,0.3205,-0.6743,0.6652}}},
{t=0.2988,b={["Left Shoulder"]={0.0646,-0.0908,0.0169,0.9709,0.2200,-0.0941,-0.1756,0.9221,0.3447,0.1627,-0.3182,0.9340},["Right Shoulder"]={0.1395,-0.1622,0.2423,0.8333,0.2077,-0.5124,0.1239,0.8330,0.5392,0.5388,-0.5128,0.6684},["Index"]={0.0000,0.0000,0.0000,1.0000,0.0000,0.0000,0.0000,1.0000,0.0000,0.0000,0.0000,1.0000},["Neck"]={0.0000,0.0000,0.0083,0.9710,-0.2374,-0.0271,0.2061,0.8895,-0.4078,0.1209,0.3904,0.9126},["Right Hip"]={-0.0113,0.1875,-0.0858,0.9924,-0.1006,-0.0708,0.1207,0.9089,0.3993,0.0242,-0.4048,0.9141},["Holder"]={0.0000,0.0000,0.0000,1.0000,0.0000,0.0000,0.0000,1.0000,0.0000,0.0000,0.0000,1.0000},["Wrap"]={0.0000,0.0000,0.0000,1.0000,0.0000,0.0000,0.0000,1.0000,0.0000,0.0000,0.0000,1.0000},["Little"]={0.0000,0.0000,0.0000,1.0000,0.0000,0.0000,0.0000,1.0000,0.0000,0.0000,0.0000,1.0000},["Weld"]={0.0000,0.0000,0.0000,1.0000,0.0000,0.0000,0.0000,1.0000,0.0000,0.0000,0.0000,1.0000},["Thumb"]={0.0000,0.0000,0.0000,1.0000,0.0000,0.0000,0.0000,1.0000,0.0000,0.0000,0.0000,1.0000},["Middle"]={0.0000,0.0000,0.0000,1.0000,0.0000,0.0000,0.0000,1.0000,0.0000,0.0000,0.0000,1.0000},["Left Hip"]={0.1566,0.0476,0.1551,0.5261,-0.6248,0.5769,0.5929,0.7558,0.2778,-0.6096,0.1959,0.7681},["Ring"]={0.0000,0.0000,0.0000,1.0000,0.0000,0.0000,0.0000,1.0000,0.0000,0.0000,0.0000,1.0000},["RootJoint"]={0.9764,0.3758,-0.5561,0.8084,0.5507,0.2078,-0.5694,0.6421,0.5134,0.1493,-0.5333,0.8326}}},
{t=0.3641,b={["Left Shoulder"]={0.0359,-0.0504,0.0094,0.9619,0.2692,-0.0467,-0.2556,0.9470,0.1947,0.0967,-0.1754,0.9797},["Right Shoulder"]={0.0775,-0.0901,0.1346,0.9393,-0.0982,-0.3289,0.1967,0.9392,0.2815,0.2812,-0.3291,0.9015},["Index"]={0.0000,0.0000,0.0000,1.0000,0.0000,0.0000,0.0000,1.0000,0.0000,0.0000,0.0000,1.0000},["Neck"]={0.0000,0.0000,0.0046,0.9912,-0.1298,-0.0274,0.1202,0.9663,-0.2276,0.0560,0.2223,0.9734},["Right Hip"]={-0.0063,0.1042,-0.0476,0.9973,-0.0649,-0.0345,0.0710,0.9718,0.2251,0.0189,-0.2269,0.9737},["Holder"]={0.0000,0.0000,0.0000,1.0000,0.0000,0.0000,0.0000,1.0000,0.0000,0.0000,0.0000,1.0000},["Wrap"]={0.0000,0.0000,0.0000,1.0000,0.0000,0.0000,0.0000,1.0000,0.0000,0.0000,0.0000,1.0000},["Little"]={0.0000,0.0000,0.0000,1.0000,0.0000,0.0000,0.0000,1.0000,0.0000,0.0000,0.0000,1.0000},["Weld"]={0.0000,0.0000,0.0000,1.0000,0.0000,0.0000,0.0000,1.0000,0.0000,0.0000,0.0000,1.0000},["Thumb"]={0.0000,0.0000,0.0000,1.0000,0.0000,0.0000,0.0000,1.0000,0.0000,0.0000,0.0000,1.0000},["Middle"]={0.0000,0.0000,0.0000,1.0000,0.0000,0.0000,0.0000,1.0000,0.0000,0.0000,0.0000,1.0000},["Left Hip"]={0.0870,0.0264,0.0862,0.8622,-0.3716,0.3443,0.3538,0.9281,0.1156,-0.3625,0.0221,0.9317},["Ring"]={0.0000,0.0000,0.0000,1.0000,0.0000,0.0000,0.0000,1.0000,0.0000,0.0000,0.0000,1.0000},["RootJoint"]={0.5425,0.2088,-0.3090,0.9433,0.3244,0.0699,-0.3300,0.8941,0.3028,0.0357,-0.3087,0.9505}}},
{t=0.4295,b={["Left Shoulder"]={0.0072,-0.0101,0.0019,0.9337,0.3580,-0.0074,-0.3574,0.9331,0.0392,0.0209,-0.0339,0.9992},["Right Shoulder"]={0.0155,-0.0180,0.0269,0.9307,-0.3592,-0.0689,0.3627,0.9307,0.0472,0.0472,-0.0689,0.9965},["Index"]={0.0000,0.0000,0.0000,1.0000,0.0000,0.0000,0.0000,1.0000,0.0000,0.0000,0.0000,1.0000},["Neck"]={0.0000,0.0000,0.0009,0.9997,-0.0250,-0.0077,0.0246,0.9987,-0.0447,0.0088,0.0445,0.9990},["Right Hip"]={-0.0013,0.0208,-0.0095,0.9997,-0.0251,-0.0059,0.0254,0.9987,0.0448,0.0047,-0.0449,0.9990},["Holder"]={0.0000,0.0000,0.0000,1.0000,0.0000,0.0000,0.0000,1.0000,0.0000,0.0000,0.0000,1.0000},["Wrap"]={0.0000,0.0000,0.0000,1.0000,0.0000,0.0000,0.0000,1.0000,0.0000,0.0000,0.0000,1.0000},["Little"]={0.0000,0.0000,0.0000,1.0000,0.0000,0.0000,0.0000,1.0000,0.0000,0.0000,0.0000,1.0000},["Weld"]={0.0000,0.0000,0.0000,1.0000,0.0000,0.0000,0.0000,1.0000,0.0000,0.0000,0.0000,1.0000},["Thumb"]={0.0000,0.0000,0.0000,1.0000,0.0000,0.0000,0.0000,1.0000,0.0000,0.0000,0.0000,1.0000},["Middle"]={0.0000,0.0000,0.0000,1.0000,0.0000,0.0000,0.0000,1.0000,0.0000,0.0000,0.0000,1.0000},["Left Hip"]={0.0174,0.0053,0.0172,0.9953,-0.0711,0.0657,0.0675,0.9962,0.0549,-0.0694,-0.0502,0.9963},["Ring"]={0.0000,0.0000,0.0000,1.0000,0.0000,0.0000,0.0000,1.0000,0.0000,0.0000,0.0000,1.0000},["RootJoint"]={0.1085,0.0418,-0.0618,0.9980,0.0633,0.0052,-0.0635,0.9962,0.0591,-0.0014,-0.0593,0.9982}}},
{t=0.4805,b={["Left Shoulder"]={0.0000,0.0000,0.0000,0.9059,0.4235,-0.0000,-0.4235,0.9059,-0.0000,0.0000,0.0000,1.0000},["Right Shoulder"]={-0.0000,-0.0000,0.0000,0.8921,-0.4519,-0.0000,0.4519,0.8921,0.0000,0.0000,-0.0000,1.0000},["Index"]={0.0000,0.0000,0.0000,1.0000,0.0000,0.0000,0.0000,1.0000,0.0000,0.0000,0.0000,1.0000},["Neck"]={0.0000,0.0000,0.0000,1.0000,0.0000,0.0000,0.0000,1.0000,0.0000,0.0000,0.0000,1.0000},["Right Hip"]={0.0000,-0.0000,-0.0000,0.9999,-0.0164,-0.0000,0.0164,0.9999,-0.0000,0.0000,0.0000,1.0000},["Holder"]={0.0000,0.0000,0.0000,1.0000,0.0000,0.0000,0.0000,1.0000,0.0000,0.0000,0.0000,1.0000},["Wrap"]={0.0000,0.0000,0.0000,1.0000,0.0000,0.0000,0.0000,1.0000,0.0000,0.0000,0.0000,1.0000},["Little"]={0.0000,0.0000,0.0000,1.0000,0.0000,0.0000,0.0000,1.0000,0.0000,0.0000,0.0000,1.0000},["Weld"]={0.0000,0.0000,0.0000,1.0000,0.0000,0.0000,0.0000,1.0000,0.0000,0.0000,0.0000,1.0000},["Thumb"]={0.0000,0.0000,0.0000,1.0000,0.0000,0.0000,0.0000,1.0000,0.0000,0.0000,0.0000,1.0000},["Middle"]={0.0000,0.0000,0.0000,1.0000,0.0000,0.0000,0.0000,1.0000,0.0000,0.0000,0.0000,1.0000},["Left Hip"]={0.0000,-0.0000,-0.0000,1.0000,-0.0000,-0.0000,0.0000,0.9982,0.0597,-0.0000,-0.0597,0.9982},["Ring"]={0.0000,0.0000,0.0000,1.0000,0.0000,0.0000,0.0000,1.0000,0.0000,0.0000,0.0000,1.0000},["RootJoint"]={0.0000,0.0000,0.0000,1.0000,0.0000,0.0000,0.0000,1.0000,0.0000,0.0000,0.0000,1.0000}}},
{t=0.5324,b={["Left Shoulder"]={0.0000,0.0000,0.0000,0.8777,0.4793,-0.0000,-0.4793,0.8777,-0.0000,0.0000,0.0000,1.0000},["Right Shoulder"]={-0.0000,-0.0000,0.0000,0.8598,-0.5106,-0.0000,0.5106,0.8598,0.0000,0.0000,-0.0000,1.0000},["Index"]={0.0000,0.0000,0.0000,1.0000,0.0000,0.0000,0.0000,1.0000,0.0000,0.0000,0.0000,1.0000},["Neck"]={0.0000,0.0000,0.0000,1.0000,0.0000,0.0000,0.0000,1.0000,0.0000,0.0000,0.0000,1.0000},["Right Hip"]={0.0000,-0.0000,-0.0000,0.9998,-0.0187,-0.0000,0.0187,0.9998,-0.0000,0.0000,0.0000,1.0000},["Holder"]={0.0000,0.0000,0.0000,1.0000,0.0000,0.0000,0.0000,1.0000,0.0000,0.0000,0.0000,1.0000},["Wrap"]={0.0000,0.0000,0.0000,1.0000,0.0000,0.0000,0.0000,1.0000,0.0000,0.0000,0.0000,1.0000},["Little"]={0.0000,0.0000,0.0000,1.0000,0.0000,0.0000,0.0000,1.0000,0.0000,0.0000,0.0000,1.0000},["Weld"]={0.0000,0.0000,0.0000,1.0000,0.0000,0.0000,0.0000,1.0000,0.0000,0.0000,0.0000,1.0000},["Thumb"]={0.0000,0.0000,0.0000,1.0000,0.0000,0.0000,0.0000,1.0000,0.0000,0.0000,0.0000,1.0000},["Middle"]={0.0000,0.0000,0.0000,1.0000,0.0000,0.0000,0.0000,1.0000,0.0000,0.0000,0.0000,1.0000},["Left Hip"]={0.0000,-0.0000,-0.0000,1.0000,-0.0000,-0.0000,0.0000,0.9977,0.0682,-0.0000,-0.0682,0.9977},["Ring"]={0.0000,0.0000,0.0000,1.0000,0.0000,0.0000,0.0000,1.0000,0.0000,0.0000,0.0000,1.0000},["RootJoint"]={0.0000,0.0000,0.0000,1.0000,0.0000,0.0000,0.0000,1.0000,0.0000,0.0000,0.0000,1.0000}}},
{t=0.5988,b={["Left Shoulder"]={0.0000,0.0000,0.0000,0.8347,0.5507,-0.0000,-0.5507,0.8347,-0.0000,0.0000,0.0000,1.0000},["Right Shoulder"]={-0.0000,-0.0000,0.0000,0.8109,-0.5852,-0.0000,0.5852,0.8109,0.0000,0.0000,-0.0000,1.0000},["Index"]={0.0000,0.0000,0.0000,1.0000,0.0000,0.0000,0.0000,1.0000,0.0000,0.0000,0.0000,1.0000},["Neck"]={0.0000,0.0000,0.0000,1.0000,0.0000,0.0000,0.0000,1.0000,0.0000,0.0000,0.0000,1.0000},["Right Hip"]={0.0000,-0.0000,-0.0000,0.9998,-0.0218,-0.0000,0.0218,0.9998,-0.0000,0.0000,0.0000,1.0000},["Holder"]={0.0000,0.0000,0.0000,1.0000,0.0000,0.0000,0.0000,1.0000,0.0000,0.0000,0.0000,1.0000},["Wrap"]={0.0000,0.0000,0.0000,1.0000,0.0000,0.0000,0.0000,1.0000,0.0000,0.0000,0.0000,1.0000},["Little"]={0.0000,0.0000,0.0000,1.0000,0.0000,0.0000,0.0000,1.0000,0.0000,0.0000,0.0000,1.0000},["Weld"]={0.0000,0.0000,0.0000,1.0000,0.0000,0.0000,0.0000,1.0000,0.0000,0.0000,0.0000,1.0000},["Thumb"]={0.0000,0.0000,0.0000,1.0000,0.0000,0.0000,0.0000,1.0000,0.0000,0.0000,0.0000,1.0000},["Middle"]={0.0000,0.0000,0.0000,1.0000,0.0000,0.0000,0.0000,1.0000,0.0000,0.0000,0.0000,1.0000},["Left Hip"]={0.0000,-0.0000,-0.0000,1.0000,-0.0000,-0.0000,0.0000,0.9968,0.0795,-0.0000,-0.0795,0.9968},["Ring"]={0.0000,0.0000,0.0000,1.0000,0.0000,0.0000,0.0000,1.0000,0.0000,0.0000,0.0000,1.0000},["RootJoint"]={0.0000,0.0000,0.0000,1.0000,0.0000,0.0000,0.0000,1.0000,0.0000,0.0000,0.0000,1.0000}}},
{t=0.6654,b={["Left Shoulder"]={0.0000,0.0000,0.0000,0.8347,0.5507,-0.0000,-0.5507,0.8347,-0.0000,0.0000,0.0000,1.0000},["Right Shoulder"]={-0.0000,-0.0000,0.0000,0.8109,-0.5852,-0.0000,0.5852,0.8109,0.0000,0.0000,-0.0000,1.0000},["Index"]={0.0000,0.0000,0.0000,1.0000,0.0000,0.0000,0.0000,1.0000,0.0000,0.0000,0.0000,1.0000},["Neck"]={0.0000,0.0000,0.0000,1.0000,0.0000,0.0000,0.0000,1.0000,0.0000,0.0000,0.0000,1.0000},["Right Hip"]={0.0000,-0.0000,-0.0000,0.9997,-0.0250,-0.0000,0.0250,0.9997,-0.0000,0.0000,0.0000,1.0000},["Holder"]={0.0000,0.0000,0.0000,1.0000,0.0000,0.0000,0.0000,1.0000,0.0000,0.0000,0.0000,1.0000},["Wrap"]={0.0000,0.0000,0.0000,1.0000,0.0000,0.0000,0.0000,1.0000,0.0000,0.0000,0.0000,1.0000},["Little"]={0.0000,0.0000,0.0000,1.0000,0.0000,0.0000,0.0000,1.0000,0.0000,0.0000,0.0000,1.0000},["Weld"]={0.0000,0.0000,0.0000,1.0000,0.0000,0.0000,0.0000,1.0000,0.0000,0.0000,0.0000,1.0000},["Thumb"]={0.0000,0.0000,0.0000,1.0000,0.0000,0.0000,0.0000,1.0000,0.0000,0.0000,0.0000,1.0000},["Middle"]={0.0000,0.0000,0.0000,1.0000,0.0000,0.0000,0.0000,1.0000,0.0000,0.0000,0.0000,1.0000},["Left Hip"]={0.0000,-0.0000,-0.0000,1.0000,-0.0000,-0.0000,0.0000,0.9968,0.0795,-0.0000,-0.0795,0.9968},["Ring"]={0.0000,0.0000,0.0000,1.0000,0.0000,0.0000,0.0000,1.0000,0.0000,0.0000,0.0000,1.0000},["RootJoint"]={0.0000,0.0000,0.0000,1.0000,0.0000,0.0000,0.0000,1.0000,0.0000,0.0000,0.0000,1.0000}}},
{t=0.7161,b={["Left Shoulder"]={0.0000,0.0000,0.0000,0.8675,0.4975,-0.0000,-0.4975,0.8675,-0.0000,0.0000,0.0000,1.0000},["Right Shoulder"]={-0.0000,-0.0000,0.0000,0.8482,-0.5297,-0.0000,0.5297,0.8482,0.0000,0.0000,-0.0000,1.0000},["Index"]={0.0000,0.0000,0.0000,1.0000,0.0000,0.0000,0.0000,1.0000,0.0000,0.0000,0.0000,1.0000},["Neck"]={0.0000,0.0000,0.0000,1.0000,0.0000,0.0000,0.0000,1.0000,0.0000,0.0000,0.0000,1.0000},["Right Hip"]={0.0000,-0.0000,-0.0000,0.9996,-0.0273,-0.0000,0.0273,0.9996,-0.0000,0.0000,0.0000,1.0000},["Holder"]={0.0000,0.0000,0.0000,1.0000,0.0000,0.0000,0.0000,1.0000,0.0000,0.0000,0.0000,1.0000},["Wrap"]={0.0000,0.0000,0.0000,1.0000,0.0000,0.0000,0.0000,1.0000,0.0000,0.0000,0.0000,1.0000},["Little"]={0.0000,0.0000,0.0000,1.0000,0.0000,0.0000,0.0000,1.0000,0.0000,0.0000,0.0000,1.0000},["Weld"]={0.0000,0.0000,0.0000,1.0000,0.0000,0.0000,0.0000,1.0000,0.0000,0.0000,0.0000,1.0000},["Thumb"]={0.0000,0.0000,0.0000,1.0000,0.0000,0.0000,0.0000,1.0000,0.0000,0.0000,0.0000,1.0000},["Middle"]={0.0000,0.0000,0.0000,1.0000,0.0000,0.0000,0.0000,1.0000,0.0000,0.0000,0.0000,1.0000},["Left Hip"]={0.0000,-0.0000,-0.0000,1.0000,-0.0000,-0.0000,0.0000,0.9975,0.0710,-0.0000,-0.0710,0.9975},["Ring"]={0.0000,0.0000,0.0000,1.0000,0.0000,0.0000,0.0000,1.0000,0.0000,0.0000,0.0000,1.0000},["RootJoint"]={0.0000,0.0000,0.0000,1.0000,0.0000,0.0000,0.0000,1.0000,0.0000,0.0000,0.0000,1.0000}}},
}
local aS=c:FindFirstChild('Animate') if aS then aS.Disabled=true end
local an=nil if h then an=h:FindFirstChildOfClass('Animator') if an then for _,t in pairs(an:GetPlayingAnimationTracks()) do t:Stop(0) end end end
local m={} for _,v in pairs(c:GetDescendants()) do if v:IsA('Motor6D') then m[v.Name]=v end end
local sT=os.clock() local tD=fd[#fd].t if tD<=0 then tD=1 end
local done=false local cn cn=R.Stepped:Connect(function()
if done then return end if an then for _,t in pairs(an:GetPlayingAnimationTracks()) do t:Stop(0) end end
local e=os.clock()-sT
if e>=tD then done=true cn:Disconnect() if aS then aS.Disabled=false end return end
local pf,nf=fd[1],fd[#fd] for i=1,#fd-1 do if fd[i].t<=e and fd[i+1].t>=e then pf=fd[i] nf=fd[i+1] break end end
local sp=nf.t-pf.t local al=sp>0 and(e-pf.t)/sp or 0
for k,motor in pairs(m) do local pd,nd=pf.b[k],nf.b[k] if pd and nd then motor.Transform=tCF(pd):Lerp(tCF(nd),al) elseif pd then motor.Transform=tCF(pd) elseif nd then motor.Transform=tCF(nd) end end
end)
return nil