local P=game:GetService('Players') local R=game:GetService('RunService')
local pl=P.LocalPlayer local c=pl.Character or pl.CharacterAdded:Wait()
local h=c:FindFirstChildOfClass('Humanoid')
local function tCF(d) return CFrame.new(d[1],d[2],d[3],d[4],d[5],d[6],d[7],d[8],d[9],d[10],d[11],d[12]) end
local fd={
{t=0.0144,b={["Left Shoulder"]={-0.4123,-0.3945,-0.0891,-0.5074,0.6519,-0.5636,-0.5757,0.2302,0.7846,0.6412,0.7225,0.2585},["Right Shoulder"]={-0.0766,-1.1308,0.4069,0.8694,0.4442,-0.2164,-0.1086,0.5991,0.7933,0.4820,-0.6662,0.5691},["Neck"]={-0.0000,0.0000,-0.0000,0.8034,-0.5599,0.2026,0.4943,0.4374,-0.7512,0.3320,0.7037,0.6282},["Right Hip"]={0.3289,0.2931,0.5233,0.0705,-0.5774,-0.8134,0.8747,0.4278,-0.2279,0.4796,-0.6954,0.5352},["Left Hip"]={0.4166,-0.2302,-0.1374,0.4230,-0.8077,0.4107,0.8884,0.4590,-0.0124,-0.1785,0.3701,0.9117},["RootJoint"]={0.0000,-0.0000,0.7341,-0.0786,0.7154,0.6943,-0.9684,-0.2200,0.1170,0.2365,-0.6632,0.7101}}},
{t=0.0820,b={["Left Shoulder"]={-0.3440,-0.4119,-0.0884,-0.4420,0.6924,-0.5703,-0.5667,0.2773,0.7759,0.6954,0.6661,0.2698},["Right Shoulder"]={0.0941,-0.7745,-0.0239,0.7383,0.6444,-0.1992,-0.1750,0.4683,0.8661,0.6513,-0.6046,0.4585},["Neck"]={0.0000,0.0000,-0.0000,0.7934,-0.5834,0.1738,0.5590,0.5853,-0.5873,0.2409,0.5631,0.7905},["Right Hip"]={0.4280,0.1421,0.2574,-0.3342,-0.4280,-0.8397,0.9419,-0.1848,-0.2806,-0.0351,-0.8847,0.4648},["Left Hip"]={0.4195,-0.1279,-0.2643,0.3795,-0.8875,0.2613,0.8301,0.4514,0.3273,-0.4085,0.0927,0.9080},["RootJoint"]={0.0000,-0.0000,1.0970,0.3356,0.4300,0.8381,-0.9079,0.3849,0.1661,-0.2512,-0.8167,0.5196}}},
{t=0.1470,b={["Left Shoulder"]={0.0579,-0.3664,0.0243,0.3483,0.7536,-0.5574,-0.1849,0.6382,0.7473,0.9190,-0.1572,0.3616},["Right Shoulder"]={0.1872,-0.6678,0.6062,0.9340,0.2385,-0.2660,0.2435,0.1197,0.9625,0.2614,-0.9637,0.0538},["Neck"]={0.0000,0.0000,-0.0000,0.9079,-0.2502,-0.3362,0.2378,0.9681,-0.0782,0.3451,-0.0089,0.9385},["Right Hip"]={1.0849,0.2120,0.1191,-0.2496,0.1254,-0.9602,0.8476,-0.4511,-0.2793,-0.4682,-0.8836,0.0063},["Left Hip"]={0.0310,0.2513,-0.1378,0.7089,-0.6948,0.1212,0.4415,0.5712,0.6920,-0.5500,-0.4371,0.7117},["RootJoint"]={0.0000,-0.0000,1.0970,0.5299,0.1191,0.8397,-0.4504,0.8785,0.1596,-0.7186,-0.4627,0.5192}}},
{t=0.1987,b={["Left Shoulder"]={0.3795,-0.3301,0.1145,0.7660,0.3738,-0.5230,0.2971,0.5156,0.8037,0.5701,-0.7710,0.2839},["Right Shoulder"]={0.7938,-0.3535,-0.3540,-0.3026,-0.8968,0.3228,0.2846,0.2382,0.9286,-0.9096,0.3729,0.1832},["Neck"]={0.0000,-0.0000,-0.0000,0.8248,0.2073,-0.5261,0.0632,0.8908,0.4500,0.5619,-0.4044,0.7216},["Right Hip"]={0.9928,0.8860,0.4769,-0.1762,-0.3882,-0.9046,0.8208,-0.5651,0.0827,-0.5433,-0.7280,0.4182},["Left Hip"]={-0.0727,0.3524,-0.1041,0.7445,0.6634,0.0749,-0.4900,0.4668,0.7362,0.4535,-0.5848,0.6726},["RootJoint"]={-0.0000,-0.0000,0.6253,0.6134,-0.0714,0.7865,0.7821,0.1934,-0.5924,-0.1099,0.9785,0.1745}}},
{t=0.2520,b={["Left Shoulder"]={0.4867,-0.3180,0.1445,0.8102,0.2513,-0.5296,0.4087,0.4056,0.8176,0.4203,-0.8788,0.2259},["Right Shoulder"]={0.9434,-0.2323,-0.5647,-0.8021,-0.5711,0.1743,0.1038,0.1542,0.9826,-0.5881,0.8063,-0.0644},["Neck"]={0.0000,-0.0000,-0.0000,0.5092,0.7405,-0.4386,-0.3848,0.6518,0.6535,0.7698,-0.1640,0.6169},["Right Hip"]={0.5245,0.8918,0.4349,0.3221,-0.6442,-0.6937,0.9443,0.1660,0.2843,-0.0680,-0.7466,0.6618},["Left Hip"]={-0.5648,0.6130,-0.3443,0.5162,0.8551,-0.0479,-0.6107,0.4067,0.6795,0.6005,-0.3215,0.7321},["RootJoint"]={-0.0000,-0.0000,0.0550,0.1544,-0.2932,0.9435,0.7072,-0.6340,-0.3127,0.6899,0.7156,0.1095}}},
{t=0.3034,b={["Left Shoulder"]={0.4867,-0.3180,0.1445,0.7946,0.2972,-0.5294,0.3839,0.4296,0.8173,0.4704,-0.8527,0.2272},["Right Shoulder"]={0.8855,-0.2143,-0.4443,-0.7171,-0.6723,0.1839,0.0933,0.1689,0.9812,-0.6907,0.7208,-0.0584},["Neck"]={0.0000,-0.0000,-0.0000,0.0825,0.9367,-0.3402,-0.6635,0.3063,0.6826,0.7436,0.1694,0.6468},["Right Hip"]={0.1824,0.5574,0.1892,0.6435,-0.2440,-0.7255,0.5836,0.7697,0.2588,0.4953,-0.5899,0.6377},["Left Hip"]={-1.0479,0.8650,-0.5778,0.8084,0.5721,-0.1388,-0.4333,0.7378,0.5176,0.3985,-0.3583,0.8443},["RootJoint"]={-0.0000,0.0000,-0.2794,-0.2985,-0.4487,0.8424,0.6364,-0.7513,-0.1747,0.7113,0.4839,0.5098}}},
{t=0.3663,b={["Left Shoulder"]={0.4867,-0.3180,0.1445,0.7668,0.3629,-0.5295,0.3462,0.4609,0.8172,0.5406,-0.8099,0.2277},["Right Shoulder"]={0.8012,-0.1881,-0.2693,-0.5731,-0.7980,0.1865,0.0642,0.1831,0.9810,-0.8169,0.5742,-0.0537},["Neck"]={0.0000,-0.0000,-0.0000,0.1329,0.9630,-0.2345,-0.7284,0.2554,0.6358,0.6721,0.0863,0.7354},["Right Hip"]={0.0617,0.3571,0.0872,0.6458,-0.3451,-0.6811,0.5818,0.8001,0.1462,0.4945,-0.4907,0.7174},["Left Hip"]={-0.9047,0.7293,-0.4708,0.7557,0.6245,-0.1975,-0.4912,0.7398,0.4597,0.4332,-0.2504,0.8658},["RootJoint"]={-0.0000,0.0000,-0.2794,-0.2528,-0.5532,0.7938,0.7764,-0.6056,-0.1748,0.5774,0.5721,0.5826}}},
{t=0.4173,b={["Left Shoulder"]={0.4867,-0.3180,0.1445,0.7442,0.4070,-0.5296,0.3192,0.4798,0.8172,0.5867,-0.7773,0.2271},["Right Shoulder"]={0.7432,-0.1700,-0.1489,-0.4631,-0.8676,0.1812,0.0359,0.1859,0.9819,-0.8856,0.4612,-0.0549},["Neck"]={0.0000,-0.0000,-0.0000,0.1582,0.9749,-0.1566,-0.7706,0.2210,0.5978,0.6174,0.0261,0.7862},["Right Hip"]={-0.0213,0.2194,0.0171,0.6459,-0.4111,-0.6432,0.5817,0.8107,0.0660,0.4943,-0.4168,0.7628},["Left Hip"]={-0.8063,0.6359,-0.3972,0.7161,0.6555,-0.2398,-0.5316,0.7349,0.4212,0.4523,-0.1741,0.8747},["RootJoint"]={-0.0000,0.0000,-0.2794,-0.2127,-0.6153,0.7590,0.8554,-0.4927,-0.1597,0.4722,0.6153,0.6312}}},
{t=0.4698,b={["Left Shoulder"]={0.4867,-0.3180,0.1445,0.7164,0.4539,-0.5298,0.2891,0.4980,0.8176,0.6350,-0.7389,0.2256},["Right Shoulder"]={0.6800,-0.1504,-0.0177,-0.3356,-0.9266,0.1700,-0.0013,0.1809,0.9835,-0.9420,0.3298,-0.0619},["Neck"]={0.0000,-0.0000,-0.0000,0.1765,0.9820,-0.0680,-0.8137,0.1844,0.5512,0.5538,-0.0420,0.8316},["Right Hip"]={-0.1118,0.0692,-0.0594,0.6448,-0.4792,-0.5954,0.5827,0.8124,-0.0229,0.4947,-0.3322,0.8031},["Left Hip"]={-0.6989,0.5341,-0.3170,0.6701,0.6844,-0.2874,-0.5757,0.7236,0.3808,0.4686,-0.0897,0.8789},["RootJoint"]={-0.0000,0.0000,-0.2794,-0.1625,-0.6733,0.7213,0.9234,-0.3614,-0.1295,0.3479,0.6450,0.6805}}},
{t=0.5311,b={["Left Shoulder"]={0.3245,-0.2139,0.0963,0.8487,0.2741,-0.4523,0.0996,0.7570,0.6458,0.5194,-0.5931,0.6152},["Right Shoulder"]={0.4253,-0.0925,0.0466,0.2695,-0.8518,0.4492,0.2752,0.5151,0.8117,-0.9228,-0.0952,0.3732},["Neck"]={0.0000,-0.0000,-0.0000,0.5900,0.8023,-0.0907,-0.7304,0.5782,0.3635,0.3441,-0.1483,0.9272},["Right Hip"]={-0.1148,-0.0122,-0.0736,0.8345,-0.3840,-0.3952,0.4126,0.9108,-0.0137,0.3652,-0.1516,0.9185},["Left Hip"]={-0.4182,0.3213,-0.1757,0.8315,0.4952,-0.2519,-0.4506,0.8663,0.2155,0.3250,-0.0656,0.9434},["RootJoint"]={-0.0000,0.0000,-0.1976,0.3823,-0.7855,0.4867,0.9232,0.3027,-0.2366,0.0386,0.5398,0.8409}}},
{t=0.5971,b={["Left Shoulder"]={0.0000,-0.0146,0.0000,0.9999,0.0024,-0.0147,-0.0024,1.0000,0.0046,0.0148,-0.0046,0.9999},["Right Shoulder"]={0.0000,-0.0060,-0.0000,0.9999,-0.0071,0.0088,0.0071,1.0000,0.0024,-0.0089,-0.0024,1.0000},["Neck"]={-0.0000,-0.0000,-0.0000,1.0000,-0.0011,-0.0000,0.0011,1.0000,0.0020,-0.0000,-0.0020,1.0000},["Right Hip"]={-0.0000,0.0256,-0.0000,1.0000,0.0000,-0.0000,0.0000,1.0000,0.0000,0.0000,-0.0000,1.0000},["Left Hip"]={-0.0000,0.0317,-0.0000,1.0000,0.0000,0.0000,0.0000,1.0000,0.0000,0.0000,0.0000,1.0000},["RootJoint"]={-0.0000,0.0000,-0.0343,1.0000,-0.0000,0.0000,0.0000,1.0000,-0.0000,-0.0000,0.0000,1.0000}}},
{t=0.6481,b={["Left Shoulder"]={0.0000,-0.0226,-0.0000,0.9998,0.0043,-0.0199,-0.0042,1.0000,0.0041,0.0199,-0.0040,0.9998},["Right Shoulder"]={0.0000,-0.0080,-0.0000,0.9999,-0.0087,0.0114,0.0087,1.0000,0.0011,-0.0114,-0.0010,0.9999},["Neck"]={-0.0000,-0.0000,0.0000,1.0000,-0.0022,-0.0000,0.0022,1.0000,-0.0003,0.0000,0.0003,1.0000},["Right Hip"]={0.0000,0.0245,0.0000,1.0000,0.0000,0.0000,0.0000,1.0000,0.0000,0.0000,0.0000,1.0000},["Left Hip"]={0.0000,0.0304,0.0000,1.0000,0.0000,0.0000,0.0000,1.0000,0.0000,0.0000,0.0000,1.0000},["RootJoint"]={0.0000,0.0000,-0.0329,1.0000,0.0000,0.0000,0.0000,1.0000,0.0000,0.0000,0.0000,1.0000}}},
{t=0.7133,b={["Left Shoulder"]={-0.0000,-0.0289,0.0000,0.9997,0.0058,-0.0239,-0.0057,1.0000,0.0033,0.0239,-0.0031,0.9997},["Right Shoulder"]={-0.0000,-0.0085,0.0000,0.9999,-0.0088,0.0118,0.0088,1.0000,0.0004,-0.0118,-0.0003,0.9999},["Neck"]={0.0000,-0.0000,0.0000,1.0000,-0.0032,-0.0000,0.0032,1.0000,-0.0027,0.0000,0.0027,1.0000},["Right Hip"]={0.0000,0.0212,0.0000,1.0000,0.0000,0.0000,0.0000,1.0000,0.0000,0.0000,0.0000,1.0000},["Left Hip"]={0.0000,0.0264,0.0000,1.0000,0.0000,0.0000,0.0000,1.0000,0.0000,0.0000,0.0000,1.0000},["RootJoint"]={0.0000,0.0000,-0.0284,1.0000,0.0000,0.0000,0.0000,1.0000,0.0000,0.0000,0.0000,1.0000}}},
}
local aS=c:FindFirstChild('Animate') if aS then aS.Disabled=true end
local an=nil if h then an=h:FindFirstChildOfClass('Animator') if an then for _,t in pairs(an:GetPlayingAnimationTracks()) do t:Stop(0) end end end
local m={} for _,v in pairs(c:GetDescendants()) do if v:IsA('Motor6D') then m[v.Name]=v end end
local sT=os.clock() local tD=fd[#fd].t if tD<=0 then tD=1 end
local done=false local cn cn=R.Stepped:Connect(function()
if done then return end if an then for _,t in pairs(an:GetPlayingAnimationTracks()) do t:Stop(0) end end
local e=os.clock()-sT
if e>=tD then done=true cn:Disconnect() if aS then aS.Disabled=false end return end
local pf,nf=fd[1],fd[#fd] for i=1,#fd-1 do if fd[i].t<=e and fd[i+1].t>=e then pf=fd[i] nf=fd[i+1] break end end
local sp=nf.t-pf.t local al=sp>0 and(e-pf.t)/sp or 0
for k,motor in pairs(m) do local pd,nd=pf.b[k],nf.b[k] if pd and nd then motor.Transform=tCF(pd):Lerp(tCF(nd),al) elseif pd then motor.Transform=tCF(pd) elseif nd then motor.Transform=tCF(nd) end end
end)
return nil