--[[ Protected by Lua Guard ]]

( function (...) local Players = game:GetService("\080\108\097\121\101\114\115") local RunService = game:GetService("\082\117\110\083\101\114\118\105\099\101") local _IlIlIIIlll = Players.LocalPlayer local _IIIllIlIII = { {t = 0.0135, bones = { ["\076\101\102\116\032\083\104\111\117\108\100\101\114"] = {0.000000,-0.000098,0.000051,1.000000,0.000923,-0.000177,-0.000923,1.000000,0.000266,0.000177,-0.000266,1.000000}, ["\082\105\103\104\116\032\083\104\111\117\108\100\101\114"] = {0.000000,-0.000092,0.000044,1.000000,-0.000928,0.000150,0.000928,1.000000,0.000266,-0.000151,-0.000266,1.000000}, ["\078\101\099\107"] = {0.000000,0.000000,0.000000,1.000000,0.000000,0.000000,0.000000,1.000000,0.000000,0.000000,0.000000,1.000000}, ["\082\105\103\104\116\032\072\105\112"] = {-0.000092,-0.000138,-0.000025,1.000000,0.000000,0.000000,0.000000,1.000000,0.000000,0.000000,0.000000,1.000000}, ["\076\101\102\116\032\072\105\112"] = {0.000213,-0.000008,-0.000031,1.000000,0.000000,0.000000,0.000000,1.000000,0.000000,0.000000,0.000000,1.000000}, ["\082\111\111\116\074\111\105\110\116"] = {-0.000079,-0.000130,0.000159,1.000000,0.000000,0.000000,0.000000,1.000000,0.000000,0.000000,0.000000,1.000000} }}, {t = 0.0795, bones = { ["\076\101\102\116\032\083\104\111\117\108\100\101\114"] = {0.013482,0.034679,-0.009251,0.960607,0.270802,-0.062457,-0.265301,0.960490,0.084108,0.082766,-0.064225,0.994497}, ["\082\105\103\104\116\032\083\104\111\117\108\100\101\114"] = {-0.008406,0.032910,-0.012885,0.960691,-0.275150,0.036956,0.271648,0.959119,0.079360,-0.057281,-0.066202,0.996161}, ["\078\101\099\107"] = {0.000000,0.000000,0.000000,0.999892,0.014583,0.001844,-0.014466,0.998516,-0.052497,-0.002607,0.052465,0.998619}, ["\082\105\103\104\116\032\072\105\112"] = {0.057455,0.066697,-0.013787,0.996540,0.053059,-0.063970,-0.047598,0.995322,0.084073,0.068132,-0.080737,0.994404}, ["\076\101\102\116\032\072\105\112"] = {-0.079185,0.059313,0.007839,0.998077,-0.056781,0.024875,0.056601,0.998366,0.007875,-0.025282,-0.006452,0.999660}, ["\082\111\111\116\074\111\105\110\116"] = {0.016373,0.041250,-0.095261,0.999695,-0.022958,-0.009093,0.023279,0.999047,0.036933,0.008236,-0.037133,0.999276} }}, {t = 0.1302, bones = { ["\076\101\102\116\032\083\104\111\117\108\100\101\114"] = {0.079351,0.204107,-0.054446,-0.068482,0.997327,0.025473,-0.848109,-0.071644,0.524955,0.525377,0.014346,0.850749}, ["\082\105\103\104\116\032\083\104\111\117\108\100\101\114"] = {-0.049473,0.193698,-0.075834,-0.067411,-0.991270,-0.113314,0.896151,-0.110082,0.429878,-0.438599,-0.072568,0.895749}, ["\078\101\099\107"] = {0.000000,0.000000,0.000000,0.996289,0.086076,-0.000222,-0.082061,0.949030,-0.304315,-0.025983,0.303203,0.952572}, ["\082\105\103\104\116\032\072\105\112"] = {0.338155,0.392552,-0.081143,0.884705,0.364887,-0.290096,-0.182875,0.844110,0.504018,0.428782,-0.392856,0.813517}, ["\076\101\102\116\032\072\105\112"] = {-0.466049,0.349094,0.046137,0.934104,-0.329489,0.137429,0.323328,0.944009,0.065627,-0.151358,-0.016867,0.988335}, ["\082\111\111\116\074\111\105\110\116"] = {0.096367,0.242782,-0.560671,0.989495,-0.129036,-0.065189,0.140096,0.967153,0.212104,0.035679,-0.219008,0.975070} }}, {t = 0.1812, bones = { ["\076\101\102\116\032\083\104\111\117\108\100\101\114"] = {0.064424,0.341994,-0.144807,-0.818756,0.407399,0.404556,-0.136141,-0.822291,0.552542,0.557768,0.397320,0.728719}, ["\082\105\103\104\116\032\083\104\111\117\108\100\101\114"] = {-0.052018,0.338738,-0.136921,-0.818959,-0.396609,-0.414738,0.154037,-0.848135,0.506893,-0.552792,0.351239,0.755680}, ["\078\101\099\107"] = {0.000000,0.000000,0.000000,0.973135,0.180123,0.143400,-0.107453,0.906172,-0.409031,-0.203621,0.382634,0.901182}, ["\082\105\103\104\116\032\072\105\112"] = {0.522120,0.543094,-0.092823,0.728681,0.597448,-0.334783,-0.119190,0.592011,0.797067,0.674402,-0.540905,0.502597}, ["\076\101\102\116\032\072\105\112"] = {-0.829638,0.286289,0.103919,0.805695,-0.561607,0.188287,0.571465,0.820623,0.002343,-0.155828,0.105711,0.982111}, ["\082\111\111\116\074\111\105\110\116"] = {0.201498,0.377897,-0.792870,0.965529,-0.202424,-0.163643,0.243978,0.922883,0.297929,0.090715,-0.327584,0.940457} }}, {t = 0.2312, bones = { ["\076\101\102\116\032\083\104\111\117\108\100\101\114"] = {0.032963,0.382512,-0.178717,-0.854107,0.078965,0.514068,0.196238,-0.866422,0.459133,0.481656,0.493028,0.724521}, ["\082\105\103\104\116\032\083\104\111\117\108\100\101\114"] = {-0.032645,0.377036,-0.155041,-0.853757,-0.073018,-0.515526,-0.191302,-0.876877,0.441011,-0.484255,0.475138,0.734671}, ["\078\101\099\107"] = {0.000000,0.000000,0.000000,0.933345,0.230204,0.275453,-0.101260,0.904987,-0.413214,-0.344404,0.357778,0.867975}, ["\082\105\103\104\116\032\072\105\112"] = {0.497094,0.529548,-0.026037,0.681400,0.648755,-0.338838,-0.073455,0.521228,0.850250,0.728216,-0.554471,0.402819}, ["\076\101\102\116\032\072\105\112"] = {-0.906207,0.108696,0.105555,0.749050,-0.629315,0.207089,0.650017,0.758520,-0.046101,-0.128069,0.169143,0.977235}, ["\082\111\111\116\074\111\105\110\116"] = {0.250151,0.417741,-0.733038,0.952388,-0.221835,-0.209155,0.280310,0.906938,0.314468,0.119931,-0.358124,0.925940} }}, {t = 0.2825, bones = { ["\076\101\102\116\032\083\104\111\117\108\100\101\114"] = {0.008675,0.367119,-0.176125,-0.851622,0.058889,0.520837,0.194384,-0.887329,0.418165,0.486779,0.457361,0.744222}, ["\082\105\103\104\116\032\083\104\111\117\108\100\101\114"] = {-0.011851,0.353097,-0.149733,-0.851201,-0.047565,-0.522679,-0.185843,-0.904044,0.384923,-0.490834,0.424784,0.760684}, ["\078\101\099\107"] = {0.000000,0.000000,0.000000,0.900354,0.247011,0.358258,-0.091148,0.912067,-0.399782,-0.425506,0.327291,0.843698}, ["\082\105\103\104\116\032\072\105\112"] = {0.381852,0.464950,0.050891,0.700158,0.618450,-0.356789,-0.083297,0.567054,0.819458,0.709113,-0.544030,0.448542}, ["\076\101\102\116\032\072\105\112"] = {-0.818104,-0.018880,0.086148,0.754302,-0.620318,0.215020,0.642765,0.764468,-0.049418,-0.133721,0.175483,0.975359}, ["\082\111\111\116\074\111\105\110\116"] = {0.261467,0.416034,-0.581270,0.953988,-0.213707,-0.210323,0.273259,0.908404,0.316435,0.123434,-0.359348,0.925004} }}, {t = 0.3493, bones = { ["\076\101\102\116\032\083\104\111\117\108\100\101\114"] = {-0.000263,0.299889,-0.157948,-0.850479,0.038220,0.524618,0.157801,-0.932879,0.323782,0.501781,0.358155,0.787363}, ["\082\105\103\104\116\032\083\104\111\117\108\100\101\114"] = {-0.002355,0.288892,-0.137768,-0.850096,-0.022802,-0.526134,-0.150297,-0.947006,0.283883,-0.504725,0.320404,0.801619}, ["\078\101\099\107"] = {0.000000,0.000000,0.000000,0.896900,0.243666,0.369048,-0.064977,0.898065,-0.435037,-0.437433,0.366205,0.821307}, ["\082\105\103\104\116\032\072\105\112"] = {0.300474,0.438409,0.078143,0.750185,0.559185,-0.352895,-0.130702,0.648568,0.749851,0.648182,-0.516403,0.559633}, ["\076\101\102\116\032\072\105\112"] = {-0.665848,0.034417,0.100106,0.764512,-0.590585,0.258323,0.603244,0.796734,0.036201,-0.227195,0.128156,0.965380}, ["\082\111\111\116\074\111\105\110\116"] = {0.243404,0.409186,-0.506654,0.971503,-0.167210,-0.167996,0.216149,0.915836,0.338413,0.097271,-0.365082,0.925880} }}, {t = 0.4159, bones = { ["\076\101\102\116\032\083\104\111\117\108\100\101\114"] = {0.022478,0.157845,-0.126412,-0.879405,0.133416,0.456997,-0.015317,-0.967361,0.252937,0.475827,0.215435,0.852746}, ["\082\105\103\104\116\032\083\104\111\117\108\100\101\114"] = {-0.045318,0.209659,-0.101404,-0.866558,-0.140942,-0.478761,-0.008126,-0.955184,0.295902,-0.499010,0.260307,0.826577}, ["\078\101\099\107"] = {0.000000,0.000000,0.000000,0.935657,0.176065,0.305855,-0.004164,0.872110,-0.489292,-0.352886,0.456536,0.816729}, ["\082\105\103\104\116\032\072\105\112"] = {0.373129,0.478903,0.047667,0.816247,0.493626,-0.300123,-0.207672,0.735503,0.644909,0.539085,-0.464078,0.702865}, ["\076\101\102\116\032\072\105\112"] = {-0.556636,0.236068,0.151929,0.728900,-0.588795,0.349321,0.554954,0.806943,0.202159,-0.400913,0.046504,0.914935}, ["\082\111\111\116\074\111\105\110\116"] = {0.172327,0.400520,-0.573390,0.993933,-0.062180,-0.090728,0.091143,0.927351,0.362923,0.061570,-0.368990,0.927392} }}, {t = 0.4696, bones = { ["\076\101\102\116\032\083\104\111\117\108\100\101\114"] = {0.068089,0.024957,-0.099377,-0.878627,0.362014,0.311384,-0.303384,-0.926785,0.221422,0.368744,0.100078,0.924128}, ["\082\105\103\104\116\032\083\104\111\117\108\100\101\114"] = {-0.136358,0.150774,-0.037575,-0.847077,-0.388321,-0.362860,0.253347,-0.895217,0.366608,-0.467200,0.218615,0.856698}, ["\078\101\099\107"] = {0.000000,0.000000,0.000000,0.971985,0.079769,0.221095,0.050082,0.848761,-0.526400,-0.229647,0.522726,0.820987}, ["\082\105\103\104\116\032\072\105\112"] = {0.472583,0.533269,-0.007801,0.867308,0.440770,-0.231299,-0.267960,0.805018,0.529287,0.419494,-0.397076,0.816306}, ["\076\101\102\116\032\072\105\112"] = {-0.493460,0.450801,0.161834,0.673338,-0.606335,0.423053,0.480324,0.793756,0.373149,-0.562054,-0.048053,0.825703}, ["\082\111\111\116\074\111\105\110\116"] = {0.084426,0.394924,-0.677351,0.999103,0.040992,-0.010660,-0.034064,0.927241,0.372913,0.025171,-0.372216,0.927805} }}, {t = 0.5335, bones = { ["\076\101\102\116\032\083\104\111\117\108\100\101\114"] = {0.089400,0.027932,-0.098007,-0.867658,0.419382,0.266999,-0.357944,-0.899671,0.249937,0.345030,0.121289,0.930722}, ["\082\105\103\104\116\032\083\104\111\117\108\100\101\114"] = {-0.168362,0.162718,-0.032634,-0.833335,-0.453390,-0.316211,0.295984,-0.849127,0.437467,-0.466846,0.270963,0.841804}, ["\078\101\099\107"] = {0.000000,0.000000,0.000000,0.995766,-0.049755,0.077300,0.083360,0.843202,-0.531094,-0.038755,0.535289,0.843780}, ["\082\105\103\104\116\032\072\105\112"] = {0.593996,0.629987,-0.090300,0.904224,0.397516,-0.156080,-0.314317,0.866891,0.386917,0.289110,-0.300801,0.908809}, ["\076\101\102\116\032\072\105\112"] = {-0.523756,0.689111,0.071863,0.602132,-0.654194,0.457676,0.346584,0.730591,0.588317,-0.719247,-0.195621,0.666645}, ["\082\111\111\116\074\111\105\110\116"] = {-0.028274,0.395207,-0.849468,0.986767,0.137641,0.085708,-0.159633,0.917354,0.364662,-0.028432,-0.373518,0.927187} }}, {t = 0.5844, bones = { ["\076\101\102\116\032\083\104\111\117\108\100\101\114"] = {0.082443,0.162433,-0.120415,-0.892740,0.291475,0.343595,-0.161767,-0.919074,0.359353,0.420532,0.265226,0.867645}, ["\082\105\103\104\116\032\083\104\111\117\108\100\101\114"] = {-0.133964,0.247457,-0.088585,-0.866895,-0.322596,-0.380033,0.113978,-0.870443,0.478892,-0.485286,0.371834,0.791352}, ["\078\101\099\107"] = {0.000000,0.000000,0.000000,0.988995,-0.136133,-0.057940,0.088886,0.859778,-0.502873,0.118273,0.492189,0.862416}, ["\082\105\103\104\116\032\072\105\112"] = {0.703960,0.625443,-0.104556,0.907049,0.404247,-0.117670,-0.362351,0.891853,0.270740,0.214390,-0.202936,0.955434}, ["\076\101\102\116\032\072\105\112"] = {-0.581058,0.762245,0.009118,0.555890,-0.696763,0.453329,0.239825,0.656596,0.715099,-0.795908,-0.288797,0.532097}, ["\082\111\111\116\074\111\105\110\116"] = {-0.108596,0.401558,-0.917957,0.971267,0.185494,0.149107,-0.226965,0.910445,0.345800,-0.071610,-0.369706,0.926385} }}, {t = 0.6344, bones = { ["\076\101\102\116\032\083\104\111\117\108\100\101\114"] = {0.060143,0.328476,-0.148414,-0.874507,0.124068,0.468877,0.113677,-0.887371,0.446823,0.471504,0.444050,0.761908}, ["\082\105\103\104\116\032\083\104\111\117\108\100\101\114"] = {-0.073802,0.350840,-0.159111,-0.866825,-0.136210,-0.479647,-0.127578,-0.869354,0.477439,-0.482015,0.475049,0.736200}, ["\078\101\099\107"] = {0.000000,0.000000,0.000000,0.960267,-0.196387,-0.198291,0.087779,0.886985,-0.453379,0.264919,0.417959,0.868981}, ["\082\105\103\104\116\032\072\105\112"] = {0.811753,0.504117,-0.071236,0.889865,0.444848,-0.101247,-0.427479,0.890535,0.155595,0.159380,-0.095177,0.982619}, ["\076\101\102\116\032\072\105\112"] = {-0.615698,0.722769,0.012828,0.522213,-0.729165,0.442279,0.164622,0.595046,0.786651,-0.836775,-0.337991,0.430778}, ["\082\111\111\116\074\111\105\110\116"] = {-0.177500,0.410771,-0.880669,0.957647,0.211394,0.195510,-0.266539,0.907687,0.324131,-0.108943,-0.362514,0.925589} }}, {t = 0.6854, bones = { ["\076\101\102\116\032\083\104\111\117\108\100\101\114"] = {0.024986,0.378951,-0.156346,-0.851747,0.066654,0.519696,0.204736,-0.870678,0.447217,0.482297,0.487316,0.727951}, ["\082\105\103\104\116\032\083\104\111\117\108\100\101\114"] = {-0.022602,0.383959,-0.182288,-0.851833,-0.070277,-0.519078,-0.207796,-0.864313,0.458021,-0.480834,0.498019,0.721648}, ["\078\101\099\107"] = {0.000000,0.000000,0.000000,0.916645,-0.232241,-0.325308,0.089082,0.912109,-0.400152,0.389648,0.337818,0.856769}, ["\082\105\103\104\116\032\072\105\112"] = {0.874424,0.242380,-0.020174,0.859714,0.501103,-0.098928,-0.498150,0.865384,0.054380,0.112861,0.002530,0.993608}, ["\076\101\102\116\032\072\105\112"] = {-0.559225,0.600201,0.138946,0.501473,-0.737496,0.452355,0.150224,0.589131,0.793951,-0.852032,-0.330190,0.406223}, ["\082\111\111\116\074\111\105\110\116"] = {-0.235114,0.417913,-0.706768,0.950072,0.221123,0.220156,-0.283043,0.907710,0.309757,-0.131343,-0.356605,0.924977} }}, {t = 0.7358, bones = { ["\076\101\102\116\032\083\104\111\117\108\100\101\114"] = {0.008895,0.350020,-0.148402,-0.849551,0.043818,0.525684,0.182480,-0.910606,0.370806,0.494939,0.410946,0.765611}, ["\082\105\103\104\116\032\083\104\111\117\108\100\101\114"] = {-0.005445,0.367680,-0.175639,-0.849944,-0.057709,-0.523703,-0.193377,-0.890445,0.411963,-0.490103,0.451417,0.745669}, ["\078\101\099\107"] = {0.000000,0.000000,0.000000,0.894615,-0.252614,-0.368577,0.093836,0.912675,-0.397767,0.436873,0.321262,0.840198}, ["\082\105\103\104\116\032\072\105\112"] = {0.760529,0.115824,-0.016501,0.868916,0.483902,-0.104042,-0.482046,0.875041,0.043988,0.112327,0.011931,0.993600}, ["\076\101\102\116\032\072\105\112"] = {-0.423410,0.502846,0.211992,0.528114,-0.706920,0.470489,0.173572,0.632221,0.755096,-0.831245,-0.317113,0.456586}, ["\082\111\111\116\074\111\105\110\116"] = {-0.258471,0.415849,-0.543391,0.953413,0.216173,0.210412,-0.275702,0.907503,0.316901,-0.122444,-0.360148,0.924825} }}, {t = 0.7862, bones = { ["\076\101\102\116\032\083\104\111\117\108\100\101\114"] = {0.002597,0.301331,-0.139954,-0.849196,0.024128,0.527527,0.157479,-0.941932,0.296588,0.504050,0.334936,0.796085}, ["\082\105\103\104\116\032\083\104\111\117\108\100\101\114"] = {-0.000063,0.315940,-0.161841,-0.849354,-0.040395,-0.526275,-0.167170,-0.925152,0.340806,-0.500651,0.377443,0.779029}, ["\078\101\099\107"] = {0.000000,0.000000,0.000000,0.898229,-0.249042,-0.362164,0.077283,0.900636,-0.427647,0.432680,0.356136,0.828224}, ["\082\105\103\104\116\032\072\105\112"] = {0.660914,0.148211,-0.005331,0.871616,0.470348,-0.138050,-0.459217,0.882013,0.105700,0.171478,-0.028735,0.984769}, ["\076\101\102\116\032\072\105\112"] = {-0.385875,0.477646,0.222798,0.574218,-0.673568,0.465381,0.220456,0.674653,0.704444,-0.788462,-0.301908,0.535890}, ["\082\111\111\116\074\111\105\110\116"] = {-0.248541,0.410559,-0.510324,0.967725,0.178871,0.177517,-0.230222,0.914000,0.334069,-0.102496,-0.364156,0.925681} }}, {t = 0.8529, bones = { ["\076\101\102\116\032\083\104\111\117\108\100\101\114"] = {0.026336,0.220508,-0.115098,-0.861675,0.088363,0.499708,0.064162,-0.957849,0.280014,0.503388,0.273344,0.819685}, ["\082\105\103\104\116\032\083\104\111\117\108\100\101\114"] = {-0.013063,0.182747,-0.131777,-0.869447,-0.084766,-0.486700,-0.046399,-0.966804,0.251272,-0.491843,0.241050,0.836651}, ["\078\101\099\107"] = {0.000000,0.000000,0.000000,0.931597,-0.192643,-0.308245,0.020734,0.874793,-0.484052,0.362900,0.444551,0.818950}, ["\082\105\103\104\116\032\072\105\112"] = {0.531988,0.301593,0.014639,0.853801,0.470130,-0.223612,-0.411509,0.872556,0.263260,0.318880,-0.132753,0.938452}, ["\076\101\102\116\032\072\105\112"] = {-0.431744,0.485103,0.202750,0.661208,-0.619488,0.423129,0.314051,0.740788,0.593805,-0.681304,-0.259745,0.684366}, ["\082\111\111\116\074\111\105\110\116"] = {-0.186853,0.401575,-0.556828,0.991320,0.080165,0.104199,-0.112741,0.926066,0.360128,-0.067625,-0.368749,0.927066} }}, {t = 0.9032, bones = { ["\076\101\102\116\032\083\104\111\117\108\100\101\114"] = {0.112183,0.165147,-0.054428,-0.859355,0.324138,0.395529,-0.185025,-0.918136,0.350418,0.476733,0.227950,0.848978}, ["\082\105\103\104\116\032\083\104\111\117\108\100\101\114"] = {-0.056013,0.058002,-0.106116,-0.887116,-0.300977,-0.349912,0.229071,-0.945277,0.232330,-0.400690,0.125949,0.907515}, ["\078\101\099\107"] = {0.000000,0.000000,0.000000,0.965535,-0.106605,-0.237438,-0.033095,0.854578,-0.518268,0.258160,0.508263,0.821597}, ["\082\105\103\104\116\032\072\105\112"] = {0.469441,0.455800,-0.000331,0.818873,0.494570,-0.291286,-0.354805,0.835078,0.420426,0.451176,-0.240926,0.859299}, ["\076\101\102\116\032\072\105\112"] = {-0.518702,0.509440,0.161694,0.727007,-0.581595,0.364977,0.389596,0.787102,0.478210,-0.565399,-0.205469,0.798816}, ["\082\111\111\116\074\111\105\110\116"] = {-0.107559,0.396270,-0.648700,0.999391,-0.014370,0.031783,0.001537,0.928460,0.371430,-0.034847,-0.371155,0.927917} }}, {t = 0.9552, bones = { ["\076\101\102\116\032\083\104\111\117\108\100\101\114"] = {0.165075,0.146271,-0.024709,-0.830005,0.456114,0.321017,-0.314125,-0.857860,0.406696,0.460887,0.236720,0.855305}, ["\082\105\103\104\116\032\083\104\111\117\108\100\101\114"] = {-0.084518,0.005285,-0.094719,-0.864793,-0.424509,-0.268188,0.372695,-0.900580,0.223728,-0.336499,0.093527,0.937028}, ["\078\101\099\107"] = {0.000000,0.000000,0.000000,0.989778,-0.006277,-0.142479,-0.071519,0.842487,-0.533949,0.123388,0.538680,0.833426}, ["\082\105\103\104\116\032\072\105\112"] = {0.460936,0.600887,-0.057327,0.775828,0.536249,-0.332457,-0.276100,0.762337,0.585329,0.567327,-0.362324,0.739501}, ["\076\101\102\116\032\072\105\112"] = {-0.616405,0.551031,0.115109,0.776046,-0.553383,0.302524,0.450398,0.822064,0.348358,-0.441469,-0.134085,0.887201}, ["\082\111\111\116\074\111\105\110\116"] = {-0.020176,0.394210,-0.773734,0.994028,-0.099535,-0.044724,0.109034,0.922355,0.370638,0.004360,-0.373301,0.927700} }}, {t = 1.0208, bones = { ["\076\101\102\116\032\083\104\111\117\108\100\101\114"] = {0.145385,0.223761,-0.072312,-0.859625,0.363778,0.358763,-0.168990,-0.865099,0.472278,0.482170,0.345354,0.805135}, ["\082\105\103\104\116\032\083\104\111\117\108\100\101\114"] = {-0.085418,0.124086,-0.114060,-0.888521,-0.330817,-0.317947,0.222367,-0.916593,0.332279,-0.401351,0.224536,0.887976}, ["\078\101\099\107"] = {0.000000,0.000000,0.000000,0.992626,0.118721,0.024465,-0.089692,0.855132,-0.510592,-0.081538,0.504632,0.859475}, ["\082\105\103\104\116\032\072\105\112"] = {0.521729,0.691691,-0.145124,0.724204,0.600805,-0.338470,-0.161451,0.624916,0.763815,0.670419,-0.498512,0.549567}, ["\076\101\102\116\032\072\105\112"] = {-0.765263,0.533196,0.086632,0.795589,-0.556546,0.239363,0.528564,0.830723,0.174696,-0.296071,-0.012467,0.955085}, ["\082\111\111\116\074\111\105\110\116"] = {0.091645,0.399796,-0.905417,0.974886,-0.176490,-0.135827,0.213912,0.911768,0.350600,0.061965,-0.370850,0.926623} }}, {t = 1.0709, bones = { ["\076\101\102\116\032\083\104\111\117\108\100\101\114"] = {0.084832,0.335362,-0.148458,-0.870190,0.165201,0.464195,0.091069,-0.871957,0.481039,0.484226,0.460869,0.743723}, ["\082\105\103\104\116\032\083\104\111\117\108\100\101\114"] = {-0.065269,0.303854,-0.144207,-0.880956,-0.150082,-0.448766,-0.070937,-0.895767,0.438826,-0.467850,0.418421,0.778486}, ["\078\101\099\107"] = {0.000000,0.000000,0.000000,0.967364,0.187565,0.170373,-0.089524,0.881992,-0.462683,-0.237051,0.432330,0.869999}, ["\082\105\103\104\116\032\072\105\112"] = {0.563819,0.652044,-0.149029,0.694817,0.639646,-0.328760,-0.092856,0.533089,0.840948,0.713167,-0.553778,0.429794}, ["\076\101\102\116\032\072\105\112"] = {-0.881090,0.384836,0.101383,0.775173,-0.593731,0.215848,0.598266,0.799667,0.051090,-0.202940,0.089531,0.975090}, ["\082\111\111\116\074\111\105\110\116"] = {0.165983,0.409124,-0.900009,0.959751,-0.208064,-0.188648,0.261252,0.907922,0.327758,0.103083,-0.363851,0.925736} }}, {t = 1.1211, bones = { ["\076\101\102\116\032\083\104\111\117\108\100\101\114"] = {0.031658,0.384532,-0.182582,-0.852998,0.072664,0.516831,0.207791,-0.861112,0.464015,0.478766,0.503197,0.719427}, ["\082\105\103\104\116\032\083\104\111\117\108\100\101\114"] = {-0.032905,0.381354,-0.157255,-0.853094,-0.070437,-0.516980,-0.205870,-0.865011,0.457573,-0.479424,0.496784,0.723435}, ["\078\101\099\107"] = {0.000000,0.000000,0.000000,0.927268,0.225716,0.298708,-0.089005,0.907859,-0.409720,-0.363665,0.353334,0.861918}, ["\082\105\103\104\116\032\072\105\112"] = {0.528302,0.552509,-0.040879,0.675918,0.654899,-0.337995,-0.071064,0.514405,0.854598,0.733542,-0.553619,0.394236}, ["\076\101\102\116\032\072\105\112"] = {-0.937238,0.115341,0.107530,0.741589,-0.637633,0.208494,0.657675,0.752318,-0.038475,-0.132321,0.165654,0.977266}, ["\082\111\111\116\074\111\105\110\116"] = {0.223645,0.417072,-0.757736,0.950847,-0.220308,-0.217610,0.281527,0.907692,0.311188,0.128966,-0.357155,0.925099} }}, {t = 1.1885, bones = { ["\076\101\102\116\032\083\104\111\117\108\100\101\114"] = {0.004535,0.361601,-0.174204,-0.849827,0.056521,0.524023,0.190778,-0.893830,0.405799,0.491323,0.444831,0.748817}, ["\082\105\103\104\116\032\083\104\111\117\108\100\101\114"] = {-0.007947,0.345443,-0.147858,-0.849495,-0.043276,-0.525819,-0.180571,-0.912594,0.366833,-0.495735,0.406570,0.767430}, ["\078\101\099\107"] = {0.000000,0.000000,0.000000,0.895092,0.250098,0.369136,-0.090239,0.912355,-0.399330,-0.436655,0.324127,0.839211}, ["\082\105\103\104\116\032\072\105\112"] = {0.352867,0.449556,0.071712,0.704719,0.610077,-0.362185,-0.091570,0.584429,0.806261,0.703552,-0.535022,0.467723}, ["\076\101\102\116\032\072\105\112"] = {-0.785072,-0.034572,0.080767,0.759797,-0.612616,0.217741,0.634167,0.772136,-0.040484,-0.143324,0.168844,0.975167}, ["\082\111\111\116\074\111\105\110\116"] = {0.256941,0.415429,-0.542534,0.955356,-0.210735,-0.207091,0.269509,0.908797,0.318517,0.121081,-0.360110,0.925019} }}, {t = 1.2389, bones = { ["\076\101\102\116\032\083\104\111\117\108\100\101\114"] = {-0.001003,0.316686,-0.161374,-0.849332,0.038649,0.526443,0.165212,-0.927746,0.334653,0.501339,0.371206,0.781579}, ["\082\105\103\104\116\032\083\104\111\117\108\100\101\114"] = {-0.001544,0.297937,-0.138476,-0.849166,-0.019652,-0.527760,-0.152942,-0.947336,0.281359,-0.505495,0.319638,0.801440}, ["\078\101\099\107"] = {0.000000,0.000000,0.000000,0.895361,0.253332,0.366267,-0.078810,0.899594,-0.429558,-0.438313,0.355743,0.825426}, ["\082\105\103\104\116\032\072\105\112"] = {0.292639,0.435127,0.080078,0.741316,0.567832,-0.357796,-0.120350,0.636929,0.761470,0.660278,-0.521429,0.540504}, ["\076\101\102\116\032\072\105\112"] = {-0.681400,0.012702,0.093369,0.767242,-0.592096,0.246499,0.607570,0.794098,0.016345,-0.205422,0.137225,0.969005}, ["\082\111\111\116\074\111\105\110\116"] = {0.252452,0.410183,-0.502051,0.967656,-0.180117,-0.176636,0.231171,0.913426,0.334981,0.101008,-0.364980,0.925520} }}, {t = 1.2894, bones = { ["\076\101\102\116\032\083\104\111\117\108\100\101\114"] = {0.008428,0.210519,-0.137834,-0.863673,0.065064,0.499836,0.079756,-0.961501,0.262971,0.497703,0.266986,0.825234}, ["\082\105\103\104\116\032\083\104\111\117\108\100\101\114"] = {-0.017749,0.234654,-0.121787,-0.858355,-0.063793,-0.509076,-0.090700,-0.957745,0.272945,-0.504976,0.280457,0.816298}, ["\078\101\099\107"] = {0.000000,0.000000,0.000000,0.924154,0.206304,0.321524,-0.031619,0.880062,-0.473805,-0.380709,0.427702,0.819836}, ["\082\105\103\104\116\032\072\105\112"] = {0.340542,0.462933,0.062404,0.794398,0.515220,-0.321684,-0.181684,0.706920,0.683560,0.579589,-0.484574,0.655183}, ["\076\101\102\116\032\072\105\112"] = {-0.589242,0.161871,0.138306,0.744677,-0.586833,0.317935,0.574631,0.806030,0.141826,-0.339494,0.077081,0.937445}, ["\082\111\111\116\074\111\105\110\116"] = {0.201214,0.403125,-0.543778,0.987866,-0.100274,-0.118602,0.136587,0.924406,0.356115,0.073928,-0.367993,0.926885} }}, {t = 1.3401, bones = { ["\076\101\102\116\032\083\104\111\117\108\100\101\114"] = {0.046574,0.078884,-0.109526,-0.889457,0.252532,0.380911,-0.171705,-0.957062,0.233559,0.423537,0.142336,0.894626}, ["\082\105\103\104\116\032\083\104\111\117\108\100\101\114"] = {-0.093012,0.174203,-0.067026,-0.865353,-0.272598,-0.420541,0.131990,-0.933470,0.333485,-0.483470,0.233075,0.843762}, ["\078\101\099\107"] = {0.000000,0.000000,0.000000,0.957794,0.127789,0.257489,0.023699,0.857600,-0.513770,-0.286477,0.498188,0.818376}, ["\082\105\103\104\116\032\072\105\112"] = {0.425047,0.504234,0.022746,0.845988,0.463283,-0.263957,-0.242544,0.775222,0.583270,0.474844,-0.429418,0.768195}, ["\076\101\102\116\032\072\105\112"] = {-0.512379,0.349104,0.168003,0.700897,-0.594980,0.393373,0.518534,0.803740,0.291759,-0.489760,-0.000516,0.871857}, ["\082\111\111\116\074\111\105\110\116"] = {0.127077,0.396928,-0.621884,0.998823,-0.004999,-0.048246,0.022533,0.928652,0.370268,0.042953,-0.370919,0.927671} }}, {t = 1.3907, bones = { ["\076\101\102\116\032\083\104\111\117\108\100\101\114"] = {0.083149,-0.012158,-0.092485,-0.860703,0.435458,0.263754,-0.390413,-0.897061,0.207023,0.326754,0.075212,0.942112}, ["\082\105\103\104\116\032\083\104\111\117\108\100\101\114"] = {-0.166372,0.134294,-0.018171,-0.825263,-0.466648,-0.318088,0.332359,-0.856683,0.394501,-0.456594,0.219848,0.862084}, ["\078\101\099\107"] = {0.000000,0.000000,0.000000,0.985302,0.027779,0.168547,0.068003,0.841346,-0.536202,-0.156702,0.539782,0.827091}, ["\082\105\103\104\116\032\072\105\112"] = {0.519620,0.570538,-0.042660,0.886135,0.419160,-0.197659,-0.288804,0.833048,0.471829,0.362432,-0.361019,0.859249}, ["\076\101\102\116\032\072\105\112"] = {-0.488495,0.556185,0.140742,0.643290,-0.622503,0.445722,0.432632,0.775868,0.459193,-0.631670,-0.102561,0.768423}, ["\082\111\111\116\074\111\105\110\116"] = {0.039231,0.393552,-0.743132,0.995954,0.085160,0.028696,-0.089712,0.923584,0.372753,0.005240,-0.373819,0.927487} }}, {t = 1.4419, bones = { ["\076\101\102\116\032\083\104\111\117\108\100\101\114"] = {0.091390,0.043712,-0.100605,-0.870286,0.412226,0.269578,-0.343470,-0.900200,0.267710,0.353032,0.140392,0.925018}, ["\082\105\103\104\116\032\083\104\111\117\108\100\101\114"] = {-0.168602,0.173717,-0.038344,-0.836623,-0.446569,-0.317236,0.280853,-0.846910,0.451514,-0.470302,0.288650,0.833964}, ["\078\101\099\107"] = {0.000000,0.000000,0.000000,0.996133,-0.074733,0.046195,0.087856,0.844194,-0.528789,0.000521,0.530803,0.847495}, ["\082\105\103\104\116\032\072\105\112"] = {0.619556,0.642916,-0.102191,0.908451,0.392983,-0.142408,-0.323199,0.876457,0.356882,0.265064,-0.278184,0.923231}, ["\076\101\102\116\032\072\105\112"] = {-0.534626,0.725708,0.051597,0.588594,-0.665126,0.459527,0.316113,0.712519,0.626410,-0.744063,-0.223439,0.629639}, ["\082\111\111\116\074\111\105\110\116"] = {-0.050524,0.395956,-0.878742,0.982547,0.154172,0.104078,-0.181758,0.914723,0.360895,-0.039563,-0.373514,0.926781} }}, {t = 1.5082, bones = { ["\076\101\102\116\032\083\104\111\117\108\100\101\114"] = {0.072026,0.284750,-0.141095,-0.885704,0.168715,0.432509,0.038940,-0.901346,0.431345,0.462615,0.398886,0.791756}, ["\082\105\103\104\116\032\083\104\111\117\108\100\101\114"] = {-0.096561,0.323274,-0.140191,-0.872480,-0.187144,-0.451393,-0.062572,-0.873364,0.483032,-0.484627,0.449680,0.750283}, ["\078\101\099\107"] = {0.000000,0.000000,0.000000,0.974133,-0.175614,-0.142215,0.088503,0.875551,-0.474949,0.207925,0.450077,0.868446}, ["\082\105\103\104\116\032\072\105\112"] = {0.775497,0.584908,-0.089694,0.899676,0.423619,-0.105496,-0.398124,0.895298,0.199848,0.179110,-0.137798,0.974131}, ["\076\101\102\116\032\072\105\112"] = {-0.620036,0.757520,-0.015851,0.533468,-0.720773,0.442603,0.182276,0.608955,0.771978,-0.825946,-0.331149,0.456237}, ["\082\111\111\116\074\111\105\110\116"] = {-0.152030,0.407381,-0.925335,0.961963,0.204419,0.181220,-0.255455,0.908186,0.331573,-0.096802,-0.365255,0.925861} }}, {t = 1.5589, bones = { ["\076\101\102\116\032\083\104\111\117\108\100\101\114"] = {0.041719,0.360920,-0.154118,-0.861254,0.088773,0.500361,0.173680,-0.873913,0.453996,0.477574,0.477908,0.737243}, ["\082\105\103\104\116\032\083\104\111\117\108\100\101\114"] = {-0.045591,0.368363,-0.174196,-0.858449,-0.094704,-0.504080,-0.179851,-0.864820,0.468764,-0.480333,0.493069,0.725371}, ["\078\101\099\107"] = {0.000000,0.000000,0.000000,0.939355,-0.216126,-0.266273,0.086831,0.901015,-0.425008,0.331772,0.376113,0.865140}, ["\082\105\103\104\116\032\072\105\112"] = {0.855393,0.369045,-0.042261,0.872968,0.477628,-0.098989,-0.468873,0.877623,0.099679,0.134484,-0.040603,0.990084}, ["\076\101\102\116\032\072\105\112"] = {-0.595099,0.661080,0.075688,0.508795,-0.736317,0.446054,0.153798,0.587541,0.794444,-0.847038,-0.335607,0.412182}, ["\082\111\111\116\074\111\105\110\116"] = {-0.208337,0.414970,-0.796664,0.953208,0.217269,0.210209,-0.276494,0.907726,0.315570,-0.122248,-0.358926,0.925326} }}, {t = 1.6091, bones = { ["\076\101\102\116\032\083\104\111\117\108\100\101\114"] = {0.021517,0.358279,-0.152981,-0.851118,0.057112,0.521859,0.195318,-0.888253,0.415761,0.487288,0.455790,0.744852}, ["\082\105\103\104\116\032\083\104\111\117\108\100\101\114"] = {-0.019156,0.357184,-0.178551,-0.851515,-0.064677,-0.520327,-0.201177,-0.876112,0.438128,-0.484201,0.477750,0.733011}, ["\078\101\099\107"] = {0.000000,0.000000,0.000000,0.912539,-0.238785,-0.332045,0.090670,0.909779,-0.405069,0.398812,0.339535,0.851860}, ["\082\105\103\104\116\032\072\105\112"] = {0.824999,0.214930,-0.019039,0.865728,0.490056,-0.101789,-0.486617,0.871691,0.057958,0.117131,-0.000644,0.993116}, ["\076\101\102\116\032\072\105\112"] = {-0.516300,0.566793,0.153241,0.512826,-0.726798,0.456918,0.160253,0.603921,0.780768,-0.843403,-0.327176,0.426178}, ["\082\111\111\116\074\111\105\110\116"] = {-0.239900,0.417574,-0.657414,0.952276,0.217891,0.213761,-0.278212,0.907686,0.314173,-0.125573,-0.358650,0.924987} }}, {t = 1.6602, bones = { ["\076\101\102\116\032\083\104\111\117\108\100\101\114"] = {0.006758,0.326383,-0.146481,-0.849318,0.038586,0.526469,0.176753,-0.918969,0.352498,0.497410,0.392438,0.773677}, ["\082\105\103\104\116\032\083\104\111\117\108\100\101\114"] = {-0.003322,0.324227,-0.172302,-0.849981,-0.054398,-0.523998,-0.189040,-0.896917,0.399754,-0.491729,0.438840,0.752079}, ["\078\101\099\107"] = {0.000000,0.000000,0.000000,0.891956,-0.256925,-0.372026,0.095634,0.911441,-0.400162,0.441891,0.321349,0.837536}, ["\082\105\103\104\116\032\072\105\112"] = {0.743218,0.097981,-0.008441,0.869893,0.481615,-0.106454,-0.479896,0.876275,0.042923,0.113955,0.013748,0.993391}, ["\076\101\102\116\032\072\105\112"] = {-0.416069,0.477520,0.216418,0.530368,-0.706153,0.469103,0.178436,0.633927,0.752527,-0.828776,-0.315411,0.462218}, ["\082\111\111\116\074\111\105\110\116"] = {-0.261070,0.417957,-0.519914,0.954763,0.213790,0.206690,-0.272376,0.907644,0.319365,-0.119323,-0.361215,0.924816} }}, {t = 1.7270, bones = { ["\076\101\102\116\032\083\104\111\117\108\100\101\114"] = {0.012338,0.255261,-0.126359,-0.852032,0.050042,0.521093,0.109290,-0.956482,0.270552,0.511955,0.287470,0.809483}, ["\082\105\103\104\116\032\083\104\111\117\108\100\101\114"] = {-0.005261,0.252465,-0.144425,-0.853796,-0.057049,-0.517472,-0.105189,-0.954573,0.278792,-0.509870,0.292464,0.809010}, ["\078\101\099\107"] = {0.000000,0.000000,0.000000,0.920816,-0.222833,-0.320067,0.054611,0.886279,-0.459920,0.386154,0.406023,0.828270}, ["\082\105\103\104\116\032\072\105\112"] = {0.587261,0.219306,0.022180,0.864396,0.467482,-0.185147,-0.428114,0.877385,0.216595,0.263699,-0.107960,0.958544}, ["\076\101\102\116\032\072\105\112"] = {-0.443088,0.422380,0.232074,0.605043,-0.659717,0.445755,0.308690,0.710437,0.632447,-0.733917,-0.245057,0.633493}, ["\082\111\111\116\074\111\105\110\116"] = {-0.185851,0.414358,-0.509602,0.984392,0.124164,0.124719,-0.160918,0.921972,0.352241,-0.071252,-0.366813,0.927562} }}, {t = 1.7942, bones = { ["\076\101\102\116\032\083\104\111\117\108\100\101\114"] = {0.096654,0.217625,-0.065099,-0.842832,0.292910,0.451484,-0.130607,-0.925160,0.356400,0.522088,0.241418,0.818011}, ["\082\105\103\104\116\032\083\104\111\117\108\100\101\114"] = {-0.048484,0.184836,-0.111808,-0.859328,-0.267191,-0.436078,0.176184,-0.955141,0.238044,-0.480119,0.127728,0.867855}, ["\078\101\099\107"] = {0.000000,0.000000,0.000000,0.965837,-0.120238,-0.229568,-0.015039,0.858351,-0.512842,0.258713,0.498774,0.827219}, ["\082\105\103\104\116\032\072\105\112"] = {0.471377,0.411584,0.009886,0.828698,0.486408,-0.276890,-0.345282,0.833645,0.431064,0.440500,-0.261616,0.858788}, ["\076\101\102\116\032\072\105\112"] = {-0.533695,0.430819,0.200635,0.697658,-0.606555,0.381266,0.424410,0.778650,0.462147,-0.577190,-0.160607,0.800660}, ["\082\111\111\116\074\111\105\110\116"] = {-0.070925,0.406379,-0.598952,0.999593,0.001585,0.028482,-0.012039,0.928615,0.370849,-0.025861,-0.371041,0.928257} }}, {t = 1.8446, bones = { ["\076\101\102\116\032\083\104\111\117\108\100\101\114"] = {0.176618,0.147352,-0.011394,-0.807563,0.496083,0.318973,-0.353548,-0.840076,0.411432,0.472066,0.219485,0.853803}, ["\082\105\103\104\116\032\083\104\111\117\108\100\101\114"] = {-0.088325,0.020058,-0.091314,-0.842361,-0.462417,-0.276764,0.417129,-0.884621,0.208446,-0.341220,0.060140,0.938058}, ["\078\101\099\107"] = {0.000000,0.000000,0.000000,0.988545,-0.014045,-0.150269,-0.069977,0.839517,-0.538809,0.133721,0.543152,0.828918}, ["\082\105\103\104\116\032\072\105\112"] = {0.445987,0.589384,-0.043207,0.779783,0.530896,-0.331794,-0.276339,0.767439,0.578510,0.561761,-0.359424,0.745144}, ["\076\101\102\116\032\072\105\112"] = {-0.612583,0.522929,0.126233,0.769788,-0.559816,0.306646,0.458177,0.819101,0.345176,-0.444409,-0.125214,0.887030}, ["\082\111\111\116\074\111\105\110\116"] = {-0.011458,0.395915,-0.748441,0.994473,-0.095756,-0.043059,0.104913,0.922217,0.372168,0.004072,-0.374628,0.927166} }}, {t = 1.8953, bones = { ["\076\101\102\116\032\083\104\111\117\108\100\101\114"] = {-0.243844,-0.225622,-0.033085,-0.864933,0.475811,0.159672,-0.425087,-0.863649,0.270944,0.266819,0.166474,0.949260}, ["\082\105\103\104\116\032\083\104\111\117\108\100\101\114"] = {0.204477,-0.202397,-0.082100,-0.864391,-0.481984,-0.143245,0.451351,-0.869317,0.201422,-0.221607,0.109453,0.968974}, ["\078\101\099\107"] = {-0.000572,-0.013329,-0.012769,0.982185,0.183279,0.041493,-0.187604,0.943596,0.272822,0.010850,-0.275746,0.961169}, ["\082\105\103\104\116\032\072\105\112"] = {0.370419,0.976155,0.030950,0.500032,0.197627,-0.843156,0.034928,0.968219,0.247655,0.865302,-0.153285,0.477238}, ["\076\101\102\116\032\072\105\112"] = {-0.552947,0.927838,0.156418,0.874675,-0.004178,0.484692,-0.015667,0.999197,0.036886,-0.484457,-0.039857,0.873907}, ["\082\111\111\116\074\111\105\110\116"] = {0.008516,0.124571,-0.896584,0.979876,-0.199607,0.000040,0.180223,0.884635,-0.430048,0.085805,0.421401,0.902806} }}, {t = 1.9459, bones = { ["\076\101\102\116\032\083\104\111\117\108\100\101\114"] = {-0.423281,-0.376845,-0.045254,-0.877164,0.471859,0.089064,-0.447991,-0.870920,0.201996,0.172882,0.137284,0.975328}, ["\082\105\103\104\116\032\083\104\111\117\108\100\101\114"] = {0.356453,-0.311322,-0.070533,-0.861415,-0.499731,-0.090740,0.476407,-0.856933,0.196730,-0.176070,0.126236,0.976250}, ["\078\101\099\107"] = {-0.000804,-0.019390,-0.018576,0.957867,0.223108,0.180868,-0.287204,0.739442,0.608883,0.002105,-0.635175,0.772365}, ["\082\105\103\104\116\032\072\105\112"] = {0.319132,1.105308,0.066384,0.272445,-0.006766,-0.962148,0.107710,0.993904,0.023511,0.956124,-0.110039,0.271513}, ["\076\101\102\116\032\072\105\112"] = {-0.543505,1.114663,0.148329,0.837537,0.271980,0.473876,-0.248948,0.962002,-0.112144,-0.486371,-0.024046,0.873422}, ["\082\111\111\116\074\111\105\110\116"] = {0.045945,0.004111,-0.939485,0.968088,-0.241482,0.067016,0.213257,0.653342,-0.726406,0.131630,0.717517,0.683990} }}, {t = 2.0140, bones = { ["\076\101\102\116\032\083\104\111\117\108\100\101\114"] = {-0.408080,-0.348559,-0.046926,-0.877298,0.473466,0.078599,-0.448861,-0.867380,0.214886,0.169917,0.153239,0.973471}, ["\082\105\103\104\116\032\083\104\111\117\108\100\101\114"] = {0.400229,-0.353410,-0.046979,-0.850106,-0.515506,-0.107581,0.490058,-0.849198,0.196741,-0.192778,0.114530,0.974535}, ["\078\101\099\107"] = {-0.000665,-0.019390,-0.018576,0.943389,0.276497,0.183213,-0.329490,0.717702,0.613465,0.038129,-0.639103,0.768175}, ["\082\105\103\104\116\032\072\105\112"] = {0.266116,0.971705,0.031750,0.217985,-0.012632,-0.975870,0.114976,0.993285,0.012826,0.969156,-0.114998,0.217974}, ["\076\101\102\116\032\072\105\112"] = {-0.603239,1.168090,0.075382,0.877082,0.281437,0.389257,-0.278307,0.958240,-0.065730,-0.391500,-0.050683,0.918781}, ["\082\111\111\116\074\111\105\110\116"] = {0.179016,0.015295,-0.905326,0.948572,-0.277917,0.151571,0.300351,0.638866,-0.708265,0.100005,0.717365,0.689483} }}, {t = 2.0796, bones = { ["\076\101\102\116\032\083\104\111\117\108\100\101\114"] = {-0.450259,-0.336414,-0.054930,-0.917523,0.396277,0.033422,-0.374397,-0.889076,0.263382,0.134087,0.229146,0.964113}, ["\082\105\103\104\116\032\083\104\111\117\108\100\101\114"] = {0.457168,-0.414711,-0.022560,-0.885450,-0.436706,-0.158953,0.401679,-0.891176,0.210851,-0.233735,0.122850,0.964508}, ["\078\101\099\107"] = {-0.000398,-0.019390,-0.018576,0.941043,0.327553,0.084542,-0.313604,0.750989,0.581092,0.126848,-0.573345,0.809435}, ["\082\105\103\104\116\032\072\105\112"] = {0.236186,0.840807,-0.006493,0.220069,0.004860,-0.975472,0.100134,0.994593,0.027546,0.970331,-0.103740,0.218393}, ["\076\101\102\116\032\072\105\112"] = {-0.641963,1.325802,-0.026823,0.910671,0.243653,0.333634,-0.267725,0.963105,0.027414,-0.314645,-0.114288,0.942304}, ["\082\111\111\116\074\111\105\110\116"] = {0.383928,0.034490,-0.950909,0.917604,-0.282776,0.279357,0.397277,0.629119,-0.668117,0.013178,0.724049,0.689623} }}, {t = 2.1308, bones = { ["\076\101\102\116\032\083\104\111\117\108\100\101\114"] = {-0.510465,-0.334252,-0.064255,-0.959389,0.281210,-0.022207,-0.273553,-0.908267,0.316574,0.068854,0.309793,0.948308}, ["\082\105\103\104\116\032\083\104\111\117\108\100\101\114"] = {0.504252,-0.469866,-0.013180,-0.925609,-0.308172,-0.219723,0.262483,-0.940919,0.213948,-0.272675,0.140358,0.951813}, ["\078\101\099\107"] = {-0.000192,-0.019390,-0.018576,0.942101,0.334067,-0.029082,-0.271897,0.811768,0.516822,0.196261,-0.478991,0.855599}, ["\082\105\103\104\116\032\072\105\112"] = {0.291053,0.852031,0.049282,0.315772,0.054847,-0.947249,0.030762,0.997211,0.067994,0.948336,-0.050610,0.313204}, ["\076\101\102\116\032\072\105\112"] = {-0.600763,1.493518,-0.119763,0.905681,0.185323,0.381310,-0.243506,0.963638,0.110027,-0.347055,-0.192501,0.917876}, ["\082\111\111\116\074\111\105\110\116"] = {0.483561,0.046686,-1.079407,0.897656,-0.255319,0.359201,0.436240,0.630423,-0.642076,-0.062514,0.733062,0.677283} }}, {t = 2.1961, bones = { ["\076\101\102\116\032\083\104\111\117\108\100\101\114"] = {-0.576068,-0.332701,-0.075093,-0.987335,0.125971,-0.096436,-0.152818,-0.918428,0.364878,-0.042606,0.374994,0.926048}, ["\082\105\103\104\116\032\083\104\111\117\108\100\101\114"] = {0.548363,-0.528662,-0.006584,-0.943044,-0.122073,-0.309461,0.065761,-0.980290,0.186297,-0.326103,0.155336,0.932485}, ["\078\101\099\107"] = {0.000097,-0.019390,-0.018576,0.951628,0.253348,-0.173838,-0.158805,0.889910,0.427599,0.263032,-0.379309,0.887096}, ["\082\105\103\104\116\032\072\105\112"] = {0.459177,0.930538,0.185720,0.536965,0.098122,-0.837879,-0.081467,0.994602,0.064266,0.839662,0.033751,0.542060}, ["\076\101\102\116\032\072\105\112"] = {-0.473206,1.674090,-0.283767,0.790681,0.095572,0.604723,-0.266659,0.942887,0.199643,-0.551105,-0.319108,0.771008}, ["\082\111\111\116\074\111\105\110\116"] = {0.510861,0.057755,-1.256765,0.893665,-0.154474,0.421308,0.413648,0.647534,-0.639996,-0.173949,0.746216,0.642576} }}, {t = 2.2479, bones = { ["\076\101\102\116\032\083\104\111\117\108\100\101\114"] = {-0.584872,-0.327825,-0.082446,-0.989816,0.078029,-0.119058,-0.117322,-0.920841,0.371872,-0.080617,0.382053,0.920618}, ["\082\105\