local P=game:GetService('Players') local R=game:GetService('RunService')
local pl=P.LocalPlayer local c=pl.Character or pl.CharacterAdded:Wait()
local h=c:FindFirstChildOfClass('Humanoid')
local function tCF(d) return CFrame.new(d[1],d[2],d[3],d[4],d[5],d[6],d[7],d[8],d[9],d[10],d[11],d[12]) end
local fd={
{t=0.0000,b={["Left Shoulder"]={-0.1920,0.2122,0.2445,0.6661,0.4422,0.6006,-0.6523,-0.0451,0.7566,0.3617,-0.8958,0.2584},["Right Shoulder"]={-0.6529,-0.0951,0.1224,0.3635,-0.8929,-0.2656,0.5572,0.4369,-0.7061,0.7466,0.1086,0.6564},["Neck"]={0.0000,-0.0000,0.0000,0.9233,-0.3812,-0.0465,0.3835,0.9214,0.0633,0.0187,-0.0763,0.9969},["Right Hip"]={0.0000,0.0000,-0.0000,0.8268,0.5009,0.2562,-0.5557,0.7979,0.2334,-0.0875,-0.3354,0.9380},["Left Hip"]={-0.3049,1.7443,0.4916,0.5064,0.1459,0.8499,-0.2768,0.9609,-0.0000,-0.8166,-0.2352,0.5270},["RootJoint"]={-0.1975,-0.3295,-0.0519,0.6949,0.7031,-0.1508,-0.7190,0.6822,-0.1329,0.0095,0.2008,0.9796}}},
{t=0.0514,b={["Left Shoulder"]={-0.2347,0.2593,0.2988,0.5346,0.3985,0.7453,-0.6151,-0.4213,0.6664,0.5795,-0.8147,0.0199},["Right Shoulder"]={-0.8705,-0.1268,0.1632,-0.0019,-0.9916,-0.1292,0.4632,0.1136,-0.8789,0.8862,-0.0615,0.4591},["Neck"]={0.0000,-0.0000,0.0000,0.8651,-0.4971,-0.0670,0.5012,0.8616,0.0797,0.0182,-0.1025,0.9946},["Right Hip"]={0.0000,0.0000,-0.0000,0.7006,0.4869,0.5216,-0.6925,0.6404,0.3323,-0.1723,-0.5940,0.7858},["Left Hip"]={-0.1778,1.2497,0.3879,0.3734,0.0819,0.9241,-0.1078,0.9932,-0.0445,-0.9214,-0.0830,0.3797},["RootJoint"]={-0.1975,-0.3295,-0.0519,0.4719,0.8676,-0.1570,-0.8547,0.4938,0.1601,0.2164,0.0586,0.9745}}},
{t=0.1168,b={["Left Shoulder"]={-0.2347,0.2593,0.2988,0.4273,0.5284,0.7336,-0.4990,-0.5388,0.6787,0.7539,-0.6561,0.0335},["Right Shoulder"]={-0.8705,-0.1268,0.1632,-0.2250,-0.9304,-0.2895,0.6006,0.1015,-0.7931,0.7672,-0.3523,0.5360},["Neck"]={0.0000,-0.0000,0.0000,0.7646,-0.6371,-0.0973,0.6444,0.7586,0.0970,0.0120,-0.1369,0.9905},["Right Hip"]={0.0368,0.0723,0.0501,0.5894,0.3629,0.7218,-0.7851,0.4678,0.4059,-0.1903,-0.8059,0.5606},["Left Hip"]={-0.0084,0.5903,0.2496,0.1575,0.0387,0.9868,0.1189,0.9912,-0.0578,-0.9803,0.1264,0.1515},["RootJoint"]={-0.1975,-0.3295,-0.0519,0.1322,0.9863,-0.0989,-0.9285,0.1581,0.3358,0.3469,0.0474,0.9367}}},
{t=0.1795,b={["Left Shoulder"]={-0.2347,0.2593,0.2988,0.2933,0.6163,0.7309,-0.3560,-0.6391,0.6818,0.8873,-0.4601,0.0319},["Right Shoulder"]={-0.8705,-0.1268,0.1632,-0.4273,-0.7889,-0.4417,0.6976,0.0230,-0.7161,0.5751,-0.6141,0.5405},["Neck"]={-0.0000,-0.0000,-0.0000,0.6410,-0.7565,-0.1301,0.7676,0.6317,0.1086,-0.0000,-0.1695,0.9855},["Right Hip"]={0.1840,0.3615,0.2504,0.7701,0.2272,0.5960,-0.6098,0.5364,0.5835,-0.1871,-0.8128,0.5516},["Left Hip"]={0.1610,-0.0691,0.1113,-0.0817,0.0470,0.9956,0.3260,0.9452,-0.0179,-0.9418,0.3231,-0.0925},["RootJoint"]={-0.2263,-0.3295,-0.1839,-0.0382,0.9967,-0.0722,-0.9460,-0.0128,0.3240,0.3220,0.0806,0.9433}}},
{t=0.2344,b={["Left Shoulder"]={-0.2347,0.2593,0.2988,0.1829,0.6513,0.7365,-0.2334,-0.6989,0.6760,0.9550,-0.2956,0.0242},["Right Shoulder"]={-0.8705,-0.1268,0.1632,-0.5543,-0.6343,-0.5389,0.7343,-0.0679,-0.6754,0.3918,-0.7701,0.5034},["Neck"]={-0.0000,-0.0000,-0.0000,0.6494,-0.7586,-0.0529,0.7516,0.6297,0.1964,-0.1157,-0.1674,0.9791},["Right Hip"]={0.2944,0.5784,0.4006,0.8719,0.1141,0.4762,-0.4529,0.5576,0.6957,-0.1861,-0.8223,0.5378},["Left Hip"]={0.0408,-0.1124,0.1478,0.0934,0.0573,0.9940,0.2412,0.9673,-0.0784,-0.9660,0.2471,0.0765},["RootJoint"]={-0.2696,-0.3295,-0.3819,-0.0305,0.9954,-0.0906,-0.9722,-0.0085,0.2342,0.2324,0.0953,0.9680}}},
{t=0.2980,b={["Left Shoulder"]={-0.1646,0.1796,0.3185,0.0707,0.6586,0.7491,-0.1004,-0.7425,0.6623,0.9924,-0.1220,0.0136},["Right Shoulder"]={-0.8705,-0.1268,0.1632,-0.5267,-0.4605,-0.7145,0.8435,-0.1791,-0.5064,0.1052,-0.8694,0.4828},["Neck"]={-0.0000,-0.0000,-0.0000,0.6442,-0.7633,0.0496,0.7165,0.6249,0.3100,-0.2676,-0.1642,0.9494},["Right Hip"]={0.4851,0.8564,0.3468,0.9341,0.0493,0.3535,-0.3046,0.6265,0.7174,-0.1861,-0.7778,0.6003},["Left Hip"]={-0.2844,0.1306,0.2900,0.5112,0.1591,0.8446,-0.0861,0.9873,-0.1338,-0.8551,-0.0043,0.5184},["RootJoint"]={-0.3056,-0.4100,-0.5723,0.1465,0.9591,-0.2421,-0.9772,0.1784,0.1153,0.1538,0.2197,0.9634}}},
{t=0.3661,b={["Left Shoulder"]={0.1159,-0.1393,0.3972,0.0707,0.6586,0.7491,-0.1004,-0.7425,0.6623,0.9924,-0.1220,0.0136},["Right Shoulder"]={-0.8705,-0.1268,0.1632,0.0316,-0.4689,-0.8827,0.9426,-0.2797,0.1823,-0.3324,-0.8378,0.4332},["Neck"]={-0.0000,-0.0000,-0.0000,0.6204,-0.7700,0.1489,0.6664,0.6177,0.4176,-0.4135,-0.1599,0.8964},["Right Hip"]={0.7192,1.1234,0.0390,0.9564,0.0658,0.2846,-0.2348,0.7527,0.6151,-0.1738,-0.6551,0.7353},["Left Hip"]={-0.6096,0.3737,0.4322,0.7532,0.3726,0.5421,-0.4213,0.9062,-0.0374,-0.5051,-0.2002,0.8395},["RootJoint"]={-0.3345,-0.5173,-0.7382,0.3685,0.8345,-0.4097,-0.9217,0.3854,-0.0440,0.1212,0.3938,0.9112}}},
{t=0.4325,b={["Left Shoulder"]={0.3964,-0.4581,0.4759,0.0707,0.6586,0.7491,-0.1004,-0.7425,0.6623,0.9924,-0.1220,0.0136},["Right Shoulder"]={-0.8328,-0.3329,0.5299,0.3387,-0.5908,-0.7323,0.5849,-0.4775,0.6557,-0.7371,-0.6504,0.1838},["Neck"]={-0.0000,-0.0000,-0.0000,0.6367,-0.7487,0.1846,0.6040,0.6330,0.4841,-0.4793,-0.1967,0.8553},["Right Hip"]={0.9534,1.3904,-0.2689,0.9746,0.0693,0.2128,-0.1675,0.8563,0.4886,-0.1483,-0.5119,0.8462},["Left Hip"]={-0.7246,0.6076,0.4632,0.7485,0.5174,0.4148,-0.5691,0.8223,0.0012,-0.3405,-0.2370,0.9099},["RootJoint"]={-0.3633,-0.6246,-0.9042,0.5606,0.6352,-0.5314,-0.8181,0.5244,-0.2362,0.1286,0.5671,0.8136}}},
{t=0.4830,b={["Left Shoulder"]={0.6067,-0.6973,0.5350,0.0707,0.6586,0.7491,-0.1004,-0.7425,0.6623,0.9924,-0.1220,0.0136},["Right Shoulder"]={-0.7196,-0.9513,1.6302,0.0743,-0.8304,-0.5522,0.2878,-0.5123,0.8091,-0.9548,-0.2191,0.2009},["Neck"]={-0.0000,0.0000,-0.0000,0.7566,-0.6498,0.0736,0.5503,0.6934,0.4651,-0.3532,-0.3114,0.8822},["Right Hip"]={1.1290,1.5907,-0.4997,0.9853,0.0633,0.1584,-0.1201,0.9169,0.3806,-0.1212,-0.3941,0.9111},["Left Hip"]={-0.6533,0.7761,0.4030,0.6900,0.5410,0.4809,-0.5742,0.8136,-0.0916,-0.4408,-0.2129,0.8720},["RootJoint"]={-0.3705,-0.6514,-0.7690,0.7474,0.5268,-0.4048,-0.6626,0.6352,-0.3968,0.0481,0.5648,0.8238}}},
{t=0.5455,b={["Left Shoulder"]={0.7447,-0.8446,0.1085,0.3791,0.5737,0.7260,-0.4486,-0.5723,0.6865,0.8094,-0.5859,0.0404},["Right Shoulder"]={-0.6922,-1.1125,1.7483,-0.3400,-0.7332,-0.5889,0.0330,-0.6351,0.7717,-0.9398,0.2430,0.2401},["Neck"]={-0.0000,0.0000,-0.0000,0.8704,-0.4852,-0.0838,0.4661,0.7570,0.4580,-0.1588,-0.4377,0.8850},["Right Hip"]={0.9032,1.2726,-0.3998,0.8980,-0.4219,0.1251,0.3688,0.8766,0.3091,-0.2401,-0.2314,0.9428},["Left Hip"]={-0.6315,0.6790,0.4512,0.7373,0.3725,0.5636,-0.3230,0.9271,-0.1902,-0.5933,-0.0418,0.8039},["RootJoint"]={-0.3705,-0.6514,-0.4158,0.9243,0.3781,-0.0518,-0.3449,0.7695,-0.5376,-0.1634,0.5147,0.8416}}},
{t=0.5982,b={["Left Shoulder"]={0.8482,-0.9550,-0.2114,0.5555,0.3777,0.7408,-0.6354,-0.3818,0.6712,0.5363,-0.8436,0.0279},["Right Shoulder"]={-0.7025,-1.0676,1.4997,-0.5640,-0.4983,-0.6585,-0.1724,-0.7088,0.6841,-0.8076,0.4993,0.3138},["Neck"]={-0.0000,0.0000,-0.0000,0.9174,-0.3427,-0.2022,0.3979,0.7901,0.4663,-0.0000,-0.5083,0.8612},["Right Hip"]={1.1429,0.3928,0.0214,0.6638,-0.6717,0.3288,0.7443,0.6364,-0.2027,-0.0731,0.3793,0.9224},["Left Hip"]={-0.6702,0.3648,0.5836,0.7565,0.0750,0.6496,0.0905,0.9718,-0.2177,-0.6476,0.2235,0.7284},["RootJoint"]={-0.3705,-0.6514,-0.2969,0.9350,0.3035,0.1836,-0.1349,0.7829,-0.6073,-0.3281,0.5430,0.7730}}},
{t=0.6596,b={["Left Shoulder"]={0.8826,-0.9919,-0.3180,0.5944,0.2924,0.7491,-0.6811,-0.3121,0.6623,0.4275,-0.9039,0.0137},["Right Shoulder"]={0.4736,0.3914,1.5412,0.7302,-0.3266,-0.6001,0.3047,-0.6305,0.7139,-0.6115,-0.7042,-0.3608},["Neck"]={-0.0000,0.0000,-0.0000,0.5967,0.8010,-0.0483,-0.7091,0.5546,0.4354,0.3756,-0.2256,0.8989},["Right Hip"]={0.0000,0.0000,0.0000,0.5536,-0.8328,0.0000,0.8328,0.5536,0.0000,0.0000,0.0000,1.0000},["Left Hip"]={-0.5551,-0.2554,0.8562,0.0443,-0.5422,0.8391,0.9967,0.0814,-0.0000,-0.0683,0.8363,0.5440},["RootJoint"]={-0.3705,-0.6514,-0.4994,0.1655,-0.7076,0.6870,0.9689,-0.0132,-0.2470,0.1838,0.7065,0.6834}}},
{t=0.7247,b={["Left Shoulder"]={0.7918,-0.6408,-0.1764,0.6080,0.5598,0.5630,-0.6796,0.0002,0.7336,0.4106,-0.8286,0.3805},["Right Shoulder"]={0.9415,0.3825,0.8614,0.2435,-0.7762,-0.5816,0.1373,-0.5660,0.8129,-0.9601,-0.2778,-0.0313},["Neck"]={-0.0000,0.0000,0.0000,0.4511,0.8833,0.1273,-0.7244,0.2791,0.6303,0.5212,-0.3766,0.7658},["Right Hip"]={0.0389,0.0719,-0.0114,0.5937,-0.4066,-0.6944,0.8014,0.3772,0.4642,0.0732,-0.8321,0.5498},["Left Hip"]={-0.8792,-0.5218,0.0000,-0.4993,-0.8664,0.0000,0.8664,-0.4993,0.0000,0.0000,0.0000,1.0000},["RootJoint"]={-0.3705,-0.6514,0.2514,-0.5937,0.0816,0.8005,0.3713,-0.8548,0.3625,0.7139,0.5124,0.4772}}},
{t=0.7873,b={["Left Shoulder"]={0.6522,-0.1484,0.0236,0.5944,0.7898,0.1513,-0.6842,0.3977,0.6113,0.4227,-0.4668,0.7768},["Right Shoulder"]={1.1463,0.2613,0.4913,-0.1958,-0.8253,-0.5297,-0.0208,-0.5365,0.8436,-0.9804,0.1762,0.0879},["Neck"]={-0.0000,0.0000,0.0000,0.3665,0.9098,0.1947,-0.7017,0.1328,0.7000,0.6110,-0.3932,0.6871},["Right Hip"]={0.3060,0.5658,-0.0897,0.7248,0.0139,-0.6888,0.4227,0.7805,0.4606,0.5440,-0.6250,0.5598},["Left Hip"]={-0.8781,-0.1480,0.0000,-0.1211,-0.9926,0.0000,0.9926,-0.1211,0.0000,0.0000,0.0000,1.0000},["RootJoint"]={-0.3705,-0.6514,0.0257,-0.7594,0.2258,0.6101,0.0217,-0.9286,0.3706,0.6502,0.2946,0.7003}}},
{t=0.8501,b={["Left Shoulder"]={0.4540,-0.1340,0.0511,0.5940,0.7917,0.1430,-0.7281,0.4534,0.5142,0.3422,-0.4095,0.8457},["Right Shoulder"]={1.0115,0.0553,0.5584,-0.2929,-0.7991,-0.5250,-0.0809,-0.5264,0.8464,-0.9527,0.2904,0.0895},["Neck"]={-0.0000,0.0000,0.0000,0.3685,0.9240,0.1022,-0.7016,0.2044,0.6826,0.6099,-0.3233,0.7236},["Right Hip"]={0.2230,0.4123,-0.0654,0.8478,-0.0413,-0.5286,0.2828,0.8786,0.3848,0.4486,-0.4758,0.7566},["Left Hip"]={-0.8770,0.2507,0.0000,0.3020,-0.9533,0.0000,0.9533,0.3020,0.0000,0.0000,0.0000,1.0000},["RootJoint"]={-0.3705,-0.6514,-0.0923,-0.8121,0.0080,0.5835,0.1410,-0.9676,0.2095,0.5662,0.2524,0.7847}}},
{t=0.9035,b={["Left Shoulder"]={0.3177,-0.1242,0.0700,0.5931,0.7933,0.1376,-0.7533,0.4864,0.4427,0.2842,-0.3662,0.8861},["Right Shoulder"]={0.9188,-0.0864,0.6045,-0.3567,-0.7732,-0.5243,-0.1232,-0.5174,0.8468,-0.9260,0.3667,0.0893},["Neck"]={-0.0000,0.0000,0.0000,0.3689,0.9287,0.0378,-0.7015,0.2515,0.6668,0.6098,-0.2725,0.7442},["Right Hip"]={0.1659,0.3069,-0.0486,0.9140,-0.0575,-0.4016,0.1939,0.9314,0.3081,0.3564,-0.3594,0.8624},["Left Hip"]={-0.8763,0.5248,0.0000,0.5657,-0.8246,0.0000,0.8246,0.5657,0.0000,0.0000,0.0000,1.0000},["RootJoint"]={-0.3705,-0.6514,-0.1706,-0.8234,-0.1476,0.5479,0.2650,-0.9538,0.1413,0.5018,0.2616,0.8245}}},
{t=0.9650,b={["Left Shoulder"]={0.1195,-0.1099,0.0975,0.5908,0.7962,0.1302,-0.7824,0.5262,0.3331,0.1967,-0.2987,0.9339},["Right Shoulder"]={0.7840,-0.2924,0.6716,-0.4440,-0.7247,-0.5270,-0.1858,-0.5009,0.8453,-0.8765,0.4732,0.0878},["Neck"]={-0.0000,0.0000,-0.0000,0.3677,0.9282,-0.0563,-0.7014,0.3166,0.6386,0.6106,-0.1954,0.7675},["Right Hip"]={0.0830,0.1534,-0.0243,0.9781,-0.0479,-0.2026,0.0826,0.9825,0.1668,0.1910,-0.1799,0.9650},["Left Hip"]={-0.8752,0.9235,0.0000,0.8571,-0.5152,0.0000,0.5152,0.8571,0.0000,0.0000,0.0000,1.0000},["RootJoint"]={-0.3705,-0.6514,-0.2773,-0.7648,-0.3895,0.5133,0.5374,-0.8251,0.1745,0.3555,0.4093,0.8403}}},
{t=1.0152,b={["Left Shoulder"]={-0.0292,-0.0991,0.1182,0.5884,0.7989,0.1247,-0.7982,0.5492,0.2474,0.1291,-0.2451,0.9609},["Right Shoulder"]={0.6829,-0.4469,0.7219,-0.5041,-0.6804,-0.5319,-0.2333,-0.4858,0.8424,-0.8315,0.5488,0.0862},["Neck"]={-0.0000,0.0000,-0.0000,0.3656,0.9221,-0.1267,-0.7015,0.3624,0.6137,0.6118,-0.1354,0.7793},["Right Hip"]={0.0207,0.0384,-0.0061,0.9986,-0.0154,-0.0501,0.0176,0.9989,0.0434,0.0494,-0.0443,0.9978},["Left Hip"]={-0.8743,1.2225,0.0000,0.9759,-0.2183,0.0000,0.2183,0.9759,0.0000,0.0000,0.0000,1.0000},["RootJoint"]={-0.3705,-0.6514,-0.3573,-0.6800,-0.5460,0.4893,0.7021,-0.6772,0.2201,0.2112,0.4933,0.8439}}},
{t=1.0795,b={["Left Shoulder"]={-0.0165,-0.0039,0.0424,0.9720,0.2331,0.0307,-0.2350,0.9665,0.1028,-0.0057,-0.1072,0.9942},["Right Shoulder"]={0.2302,-0.1850,0.2521,0.5705,-0.7996,0.1875,0.6396,0.5757,0.5094,-0.5153,-0.1707,0.8398},["Neck"]={-0.0000,0.0000,-0.0000,0.9240,0.3570,-0.1372,-0.3314,0.9264,0.1790,0.1910,-0.1199,0.9742},["Right Hip"]={0.0014,-0.0505,-0.0029,0.9806,0.1958,0.0082,-0.1958,0.9806,0.0037,-0.0073,-0.0052,1.0000},["Left Hip"]={-0.2996,0.4026,-0.0038,0.9954,0.0953,-0.0001,-0.0953,0.9954,-0.0002,0.0001,0.0002,1.0000},["RootJoint"]={-0.1235,-0.2171,-0.1288,0.7526,-0.6258,0.2052,0.6496,0.7565,-0.0756,-0.1079,0.1902,0.9758}}},
{t=1.1312,b={["Left Shoulder"]={-0.0000,0.0143,0.0000,1.0000,-0.0027,0.0023,0.0027,1.0000,0.0028,-0.0023,-0.0028,1.0000},["Right Shoulder"]={-0.0000,0.0077,-0.0000,1.0000,0.0050,-0.0075,-0.0050,1.0000,0.0068,0.0076,-0.0068,0.9999},["Neck"]={0.0000,0.0000,-0.0000,1.0000,0.0008,-0.0000,-0.0008,1.0000,0.0044,0.0000,-0.0044,1.0000},["Right Hip"]={0.0000,0.0051,0.0000,1.0000,0.0000,0.0000,0.0000,1.0000,0.0000,0.0000,0.0000,1.0000},["Left Hip"]={0.0000,0.0063,0.0000,1.0000,0.0000,0.0000,0.0000,1.0000,0.0000,0.0000,0.0000,1.0000},["RootJoint"]={0.0000,0.0000,-0.0068,1.0000,0.0000,0.0000,0.0000,1.0000,0.0000,0.0000,0.0000,1.0000}}},
{t=1.1821,b={["Left Shoulder"]={-0.0000,0.0177,0.0000,1.0000,-0.0038,0.0043,0.0038,1.0000,0.0046,-0.0043,-0.0046,1.0000},["Right Shoulder"]={-0.0000,0.0097,-0.0000,0.9999,0.0055,-0.0099,-0.0054,0.9999,0.0092,0.0099,-0.0092,0.9999},["Neck"]={-0.0000,0.0000,-0.0000,1.0000,0.0014,-0.0000,-0.0014,1.0000,0.0062,0.0000,-0.0062,1.0000},["Right Hip"]={0.0000,0.0094,0.0000,1.0000,0.0000,0.0000,0.0000,1.0000,0.0000,0.0000,0.0000,1.0000},["Left Hip"]={0.0000,0.0117,0.0000,1.0000,0.0000,0.0000,0.0000,1.0000,0.0000,0.0000,0.0000,1.0000},["RootJoint"]={0.0000,0.0000,-0.0126,1.0000,0.0000,0.0000,0.0000,1.0000,0.0000,0.0000,0.0000,1.0000}}},
{t=1.2333,b={["Left Shoulder"]={-0.0000,0.0178,-0.0000,1.0000,-0.0041,0.0043,0.0041,1.0000,0.0055,-0.0043,-0.0055,1.0000},["Right Shoulder"]={0.0000,0.0093,0.0000,0.9999,0.0048,-0.0094,-0.0047,0.9999,0.0096,0.0095,-0.0096,0.9999},["Neck"]={-0.0000,0.0000,0.0000,1.0000,0.0016,-0.0000,-0.0016,1.0000,0.0071,0.0000,-0.0071,1.0000},["Right Hip"]={0.0000,0.0135,0.0000,1.0000,0.0000,0.0000,0.0000,1.0000,0.0000,0.0000,0.0000,1.0000},["Left Hip"]={0.0000,0.0168,0.0000,1.0000,0.0000,0.0000,0.0000,1.0000,0.0000,0.0000,0.0000,1.0000},["RootJoint"]={0.0000,0.0000,-0.0181,1.0000,0.0000,0.0000,0.0000,1.0000,0.0000,0.0000,0.0000,1.0000}}},
{t=1.2971,b={["Left Shoulder"]={-0.0000,0.0123,-0.0000,1.0000,-0.0032,0.0013,0.0032,1.0000,0.0059,-0.0013,-0.0059,1.0000},["Right Shoulder"]={-0.0000,0.0053,-0.0000,1.0000,0.0016,-0.0049,-0.0016,1.0000,0.0083,0.0049,-0.0083,1.0000},["Neck"]={0.0000,0.0000,-0.0000,1.0000,0.0016,0.0000,-0.0016,1.0000,0.0074,0.0000,-0.0074,1.0000},["Right Hip"]={0.0000,0.0216,0.0000,1.0000,0.0000,0.0000,0.0000,1.0000,0.0000,0.0000,0.0000,1.0000},["Left Hip"]={0.0000,0.0268,0.0000,1.0000,0.0000,0.0000,0.0000,1.0000,0.0000,0.0000,0.0000,1.0000},["RootJoint"]={0.0000,0.0000,-0.0290,1.0000,0.0000,0.0000,0.0000,1.0000,0.0000,0.0000,0.0000,1.0000}}},
{t=1.3639,b={["Left Shoulder"]={0.0000,0.0050,0.0000,1.0000,-0.0019,-0.0027,0.0019,1.0000,0.0057,0.0027,-0.0057,1.0000},["Right Shoulder"]={-0.0000,0.0015,-0.0000,1.0000,-0.0013,-0.0005,0.0013,1.0000,0.0067,0.0005,-0.0067,1.0000},["Neck"]={-0.0000,0.0000,-0.0000,1.0000,0.0010,-0.0000,-0.0010,1.0000,0.0065,0.0000,-0.0065,1.0000},["Right Hip"]={0.0000,0.0260,0.0000,1.0000,0.0000,0.0000,0.0000,1.0000,0.0000,0.0000,0.0000,1.0000},["Left Hip"]={0.0000,0.0322,0.0000,1.0000,0.0000,0.0000,0.0000,1.0000,0.0000,0.0000,0.0000,1.0000},["RootJoint"]={0.0000,0.0000,-0.0348,1.0000,0.0000,0.0000,0.0000,1.0000,0.0000,0.0000,0.0000,1.0000}}},
}
local aS=c:FindFirstChild('Animate') if aS then aS.Disabled=true end
local an=nil if h then an=h:FindFirstChildOfClass('Animator') if an then for _,t in pairs(an:GetPlayingAnimationTracks()) do t:Stop(0) end end end
local m={} for _,v in pairs(c:GetDescendants()) do if v:IsA('Motor6D') then m[v.Name]=v end end
local sT=os.clock() local tD=fd[#fd].t if tD<=0 then tD=1 end
local done=false local cn cn=R.Stepped:Connect(function()
if done then return end if an then for _,t in pairs(an:GetPlayingAnimationTracks()) do t:Stop(0) end end
local e=os.clock()-sT
if e>=tD then done=true cn:Disconnect() if aS then aS.Disabled=false end return end
local pf,nf=fd[1],fd[#fd] for i=1,#fd-1 do if fd[i].t<=e and fd[i+1].t>=e then pf=fd[i] nf=fd[i+1] break end end
local sp=nf.t-pf.t local al=sp>0 and(e-pf.t)/sp or 0
for k,motor in pairs(m) do local pd,nd=pf.b[k],nf.b[k] if pd and nd then motor.Transform=tCF(pd):Lerp(tCF(nd),al) elseif pd then motor.Transform=tCF(pd) elseif nd then motor.Transform=tCF(nd) end end
end)
return nil