local P=game:GetService('Players') local R=game:GetService('RunService')
local pl=P.LocalPlayer local c=pl.Character or pl.CharacterAdded:Wait()
local h=c:FindFirstChildOfClass('Humanoid')
local function tCF(d) return CFrame.new(d[1],d[2],d[3],d[4],d[5],d[6],d[7],d[8],d[9],d[10],d[11],d[12]) end
local fd={
{t=0.0000,b={["Left Shoulder"]={-0.5770,-0.0571,0.2564,-0.2790,0.9586,-0.0568,-0.1001,0.0298,0.9945,0.9551,0.2831,0.0876},["Right Shoulder"]={-1.1181,-0.0748,-0.2161,-0.0668,-0.8579,-0.5095,0.6520,0.3490,-0.6731,0.7553,-0.3771,0.5360},["Neck"]={0.0000,-0.0000,-0.0000,0.3961,-0.9177,0.0305,0.8864,0.3908,0.2482,-0.2397,-0.0712,0.9682},["Right Hip"]={1.9913,1.3044,-0.7025,0.7259,0.3657,0.5825,-0.3827,0.9185,-0.0997,-0.5715,-0.1505,0.8067},["Left Hip"]={0.5601,1.2016,1.5515,0.2088,0.0234,0.9777,0.7311,0.6603,-0.1720,-0.6496,0.7506,0.1208},["RootJoint"]={-0.0702,0.7922,-1.5557,-0.5381,0.5819,-0.6098,-0.6930,-0.7173,-0.0730,-0.4799,0.3833,0.7892}}},
{t=0.0500,b={["Left Shoulder"]={-0.7506,-0.0700,0.0187,-0.5623,0.8226,-0.0843,-0.1224,0.0180,0.9923,0.8178,0.5683,0.0906},["Right Shoulder"]={-1.1535,-0.0148,-0.4093,0.2203,-0.5843,-0.7811,0.7030,0.6502,-0.2881,0.6762,-0.4856,0.5540},["Neck"]={0.0000,-0.0000,0.0000,0.3359,-0.9415,-0.0287,0.9087,0.3159,0.2729,-0.2478,-0.1177,0.9616},["Right Hip"]={1.8874,1.2559,-0.7166,0.7192,0.2233,0.6580,-0.1757,0.9746,-0.1387,-0.6722,-0.0159,0.7402},["Left Hip"]={0.5678,1.4439,1.7062,0.0278,0.0038,0.9996,0.7184,0.6952,-0.0226,-0.6951,0.7188,0.0166},["RootJoint"]={-0.0244,0.7795,-1.3793,-0.5790,0.5253,-0.6235,-0.6206,-0.7799,-0.0808,-0.5288,0.3401,0.7776}}},
{t=0.1002,b={["Left Shoulder"]={-0.8614,-0.0981,-0.1155,-0.7211,0.6858,-0.0981,-0.1300,0.0051,0.9915,0.6805,0.7277,0.0855},["Right Shoulder"]={-1.0936,-0.0331,-0.5339,0.3863,-0.3398,-0.8575,0.6797,0.7333,0.0156,0.6235,-0.5889,0.5142},["Neck"]={0.0000,-0.0000,-0.0000,0.3330,-0.9425,-0.0288,0.9053,0.3111,0.2892,-0.2636,-0.1224,0.9568},["Right Hip"]={1.8664,1.2428,-0.6181,0.7430,0.1690,0.6476,-0.1063,0.9851,-0.1352,-0.6608,0.0316,0.7499},["Left Hip"]={0.5012,1.5587,1.8080,-0.0416,-0.0180,0.9990,0.7076,0.7053,0.0421,-0.7054,0.7087,-0.0166},["RootJoint"]={-0.0035,0.7157,-1.3045,-0.5780,0.5332,-0.6177,-0.6273,-0.7745,-0.0815,-0.5219,0.3404,0.7821}}},
{t=0.1670,b={["Left Shoulder"]={-0.9185,-0.1585,-0.1446,-0.7971,0.5887,-0.1344,-0.1614,0.0068,0.9869,0.5819,0.8083,0.0896},["Right Shoulder"]={-0.8779,-0.1693,-0.6005,0.4696,-0.2188,-0.8553,0.6750,0.7135,0.1881,0.5691,-0.6656,0.4827},["Neck"]={-0.0000,0.0000,0.0000,0.4113,-0.9096,0.0595,0.8634,0.4097,0.2943,-0.2921,-0.0696,0.9539},["Right Hip"]={1.9184,1.2789,-0.2937,0.8428,0.2319,0.4856,-0.2179,0.9722,-0.0862,-0.4921,-0.0332,0.8699},["Left Hip"]={0.2845,1.5334,1.8739,0.0372,-0.0461,0.9982,0.7228,0.6910,0.0050,-0.6900,0.7214,0.0590},["RootJoint"]={-0.0122,0.5569,-1.3555,-0.5036,0.6372,-0.5834,-0.7486,-0.6589,-0.0735,-0.4313,0.3997,0.8089}}},
{t=0.2172,b={["Left Shoulder"]={-0.9665,-0.2488,-0.1261,-0.8350,0.4787,-0.2715,-0.2962,0.0247,0.9548,0.4637,0.8777,0.1211},["Right Shoulder"]={-0.7991,-0.2280,-0.6107,0.3950,-0.5192,-0.7579,0.7356,0.6729,-0.0776,0.5503,-0.5269,0.6477},["Neck"]={0.0000,-0.0000,0.0000,0.6571,-0.7443,0.1196,0.7094,0.6642,0.2357,-0.2548,-0.0700,0.9644},["Right Hip"]={1.4229,1.1318,0.3977,0.9374,0.3392,-0.0787,-0.3480,0.9206,-0.1769,0.0124,0.1932,0.9811},["Left Hip"]={-0.8149,1.7806,1.5723,0.5347,-0.0846,0.8408,0.6288,0.7046,-0.3289,-0.5646,0.7046,0.4299},["RootJoint"]={-0.0577,0.4378,-1.6193,-0.0476,0.7918,-0.6089,-0.9441,-0.2348,-0.2315,-0.3263,0.5638,0.7587}}},
{t=0.2829,b={["Left Shoulder"]={-0.2381,-0.5347,0.1926,0.1870,0.9811,-0.0498,-0.9523,0.1935,0.2358,0.2410,0.0034,0.9705},["Right Shoulder"]={-1.1187,-0.4050,0.2279,0.2813,-0.9583,0.0495,0.6303,0.1457,-0.7625,0.7236,0.2457,0.6450},["Neck"]={0.0000,-0.0000,0.0000,0.8504,-0.4970,0.1727,0.5260,0.8125,-0.2513,-0.0154,0.3046,0.9524},["Right Hip"]={-0.4030,0.6366,0.6943,0.5376,0.3436,-0.7701,-0.3681,0.9172,0.1522,0.7586,0.2016,0.6195},["Left Hip"]={-1.2536,0.6035,0.2063,0.9285,-0.2282,0.2929,0.3363,0.8510,-0.4032,-0.1573,0.4729,0.8669},["RootJoint"]={-0.0463,-0.2110,-0.9592,0.7155,0.6271,-0.3078,-0.6849,0.7165,-0.1325,0.1374,0.3056,0.9422}}},
{t=0.3509,b={["Left Shoulder"]={0.5603,-0.1818,-0.4882,-0.2900,0.5222,0.8020,-0.8587,0.2280,-0.4589,-0.4225,-0.8218,0.3823},["Right Shoulder"]={0.4294,0.9719,0.3047,-0.8807,-0.4688,0.0673,0.4466,-0.8693,-0.2117,0.1577,-0.1564,0.9750},["Neck"]={0.0000,0.0000,-0.0000,0.9321,0.1975,-0.3037,-0.3479,0.7218,-0.5983,0.1011,0.6633,0.7415},["Right Hip"]={-1.1402,0.4500,-0.5304,-0.2283,0.4234,-0.8767,-0.7371,0.5131,0.4397,0.6360,0.7467,0.1949},["Left Hip"]={-0.3391,0.0534,-0.2271,0.8509,-0.4567,-0.2598,0.4631,0.8854,-0.0400,0.2483,-0.0863,0.9648},["RootJoint"]={-0.0095,-0.5495,-0.1279,0.4213,-0.8507,-0.3143,0.8833,0.3063,0.3550,-0.2057,-0.4271,0.8805}}},
{t=0.4017,b={["Left Shoulder"]={0.6586,-0.2649,-0.3917,-0.1946,0.6722,0.7144,-0.9243,0.1181,-0.3629,-0.3283,-0.7309,0.5983},["Right Shoulder"]={0.2898,1.6411,0.0543,-0.8677,0.1458,0.4753,-0.2190,-0.9704,-0.1020,0.4463,-0.1926,0.8739},["Neck"]={-0.0000,0.0000,0.0000,0.9435,-0.2631,-0.2013,0.2264,0.9557,-0.1881,0.2419,0.1319,0.9613},["Right Hip"]={-0.3732,-0.0504,-0.2415,0.4702,0.2661,-0.8415,-0.6821,0.7146,-0.1552,0.5600,0.6470,0.5175},["Left Hip"]={-0.4884,0.1027,0.0615,0.9762,-0.1491,-0.1573,0.1781,0.9655,0.1900,0.1235,-0.2135,0.9691},["RootJoint"]={0.0474,-0.5925,0.3735,-0.7423,-0.6150,-0.2662,0.5387,-0.7839,0.3089,-0.3986,0.0859,0.9131}}},
{t=0.4674,b={["Left Shoulder"]={0.9528,-0.3004,-0.3534,-0.3031,0.8249,0.4772,-0.8733,-0.0400,-0.4855,-0.3814,-0.5639,0.7325},["Right Shoulder"]={0.1826,1.7398,0.0142,-0.4360,0.7609,0.4805,-0.2438,-0.6139,0.7508,0.8663,0.2102,0.4531},["Neck"]={0.0000,-0.0000,-0.0000,0.7212,-0.6619,0.2042,0.6862,0.7229,-0.0805,-0.0943,0.1982,0.9756},["Right Hip"]={-0.4535,-0.0448,-0.1665,0.7439,-0.0210,-0.6680,-0.3304,0.8573,-0.3949,0.5809,0.5145,0.6308},["Left Hip"]={-0.2862,-0.2733,-0.0658,0.9666,0.1458,-0.2110,-0.1738,0.9773,-0.1209,0.1885,0.1536,0.9700},["RootJoint"]={0.1000,-0.3722,0.7775,-0.7052,0.6600,-0.2591,-0.7079,-0.6757,0.2056,-0.0394,0.3284,0.9437}}},
{t=0.5181,b={["Left Shoulder"]={1.0242,-0.2808,-0.3570,-0.4119,0.8097,0.4179,-0.7746,-0.0696,-0.6286,-0.4799,-0.5826,0.6559},["Right Shoulder"]={0.0211,1.6645,-0.0614,-0.3247,0.8756,0.3577,-0.1447,-0.4197,0.8961,0.9347,0.2392,0.2629},["Neck"]={0.0000,0.0000,0.0000,0.6791,-0.6815,0.2726,0.7183,0.6935,-0.0557,-0.1511,0.2337,0.9605},["Right Hip"]={-0.3681,-0.1459,-0.2942,0.8353,-0.1527,-0.5282,-0.1448,0.8656,-0.4793,0.5304,0.4768,0.7010},["Left Hip"]={-0.1664,-0.0833,0.0378,0.9962,0.0793,-0.0372,-0.0796,0.9968,-0.0064,0.0366,0.0093,0.9993},["RootJoint"]={0.1176,-0.2123,0.8874,-0.3922,0.8441,-0.3656,-0.9184,-0.3820,0.1032,-0.0526,0.3762,0.9250}}},
{t=0.5831,b={["Left Shoulder"]={0.9981,-0.2631,-0.2057,-0.5460,0.8189,0.1767,-0.5875,-0.2239,-0.7776,-0.5973,-0.5284,0.6034},["Right Shoulder"]={0.1682,1.4181,-0.3646,-0.4847,0.7663,0.4217,0.1122,-0.4237,0.8988,0.8675,0.4830,0.1194},["Neck"]={0.0000,-0.0000,-0.0000,0.7452,-0.6305,0.2170,0.6515,0.7578,-0.0358,-0.1419,0.1680,0.9755},["Right Hip"]={0.1206,0.0216,-0.2684,0.9511,-0.2138,-0.2230,0.0874,0.8786,-0.4695,0.2963,0.4271,0.8543},["Left Hip"]={-0.4378,0.6018,0.2007,0.9940,-0.0925,0.0578,0.0857,0.9902,0.1101,-0.0674,-0.1045,0.9922},["RootJoint"]={0.1209,-0.0873,0.8462,0.1064,0.9016,-0.4192,-0.9910,0.0618,-0.1186,-0.0810,0.4281,0.9001}}},
{t=0.6335,b={["Left Shoulder"]={0.9731,-0.2331,-0.1046,-0.5965,0.8016,0.0417,-0.4577,-0.2969,-0.8381,-0.6594,-0.5190,0.5440},["Right Shoulder"]={0.4133,1.1111,-0.5741,-0.6102,0.5245,0.5937,0.3642,-0.4798,0.7982,0.7036,0.7033,0.1018},["Neck"]={0.0000,0.0000,0.0000,0.8066,-0.5714,0.1511,0.5780,0.8160,0.0003,-0.1235,0.0871,0.9885},["Right Hip"]={0.3541,0.1033,0.0143,0.9529,-0.3025,-0.0214,0.2696,0.8773,-0.3971,0.1389,0.3727,0.9175},["Left Hip"]={-0.7044,1.1478,0.1274,0.9679,-0.2247,0.1130,0.2056,0.9656,0.1591,-0.1449,-0.1307,0.9808},["RootJoint"]={0.1092,-0.0336,0.7014,0.4480,0.8120,-0.3741,-0.8891,0.3608,-0.2816,-0.0937,0.4588,0.8836}}},
{t=0.6987,b={["Left Shoulder"]={1.0726,-0.1182,-0.2151,-0.6174,0.7409,0.2645,-0.4475,-0.0542,-0.8926,-0.6470,-0.6695,0.3650},["Right Shoulder"]={0.7965,0.4191,-0.5286,-0.5096,0.0479,0.8591,0.7347,-0.4954,0.4635,0.4478,0.8673,0.2173},["Neck"]={0.0000,-0.0000,-0.0000,0.7997,-0.5851,0.1347,0.5787,0.8109,0.0870,-0.1601,0.0083,0.9871},["Right Hip"]={0.4191,0.0233,-0.1091,0.8068,-0.5890,-0.0462,0.5462,0.7733,-0.3219,0.2254,0.2345,0.9456},["Left Hip"]={-0.9851,1.5060,0.2447,0.8912,-0.3536,0.2842,0.3632,0.9315,0.0202,-0.2719,0.0852,0.9585},["RootJoint"]={0.0655,-0.0031,0.3100,0.7288,0.6367,-0.2518,-0.6783,0.6214,-0.3921,-0.0932,0.4566,0.8848}}},
{t=0.7488,b={["Left Shoulder"]={0.8331,-0.1196,-0.0448,-0.3733,0.7995,0.4706,-0.5056,0.2500,-0.8258,-0.7778,-0.5462,0.3109},["Right Shoulder"]={0.6633,0.0229,-0.3882,-0.3490,-0.3359,0.8749,0.8857,-0.4233,0.1908,0.3062,0.8414,0.4452},["Neck"]={0.0000,0.0000,0.0000,0.8211,-0.5532,0.1407,0.5487,0.8329,0.0723,-0.1572,0.0178,0.9874},["Right Hip"]={0.4669,0.3777,-0.0425,0.8321,-0.5533,0.0373,0.5541,0.8268,-0.0971,0.0229,0.1015,0.9946},["Left Hip"]={-0.9464,1.4455,0.2030,0.8781,-0.4177,0.2332,0.4287,0.9034,0.0040,-0.2124,0.0965,0.9724},["RootJoint"]={-0.0143,0.0059,-0.1453,0.8189,0.5201,-0.2425,-0.5736,0.7279,-0.3757,-0.0189,0.4467,0.8945}}},
{t=0.8001,b={["Left Shoulder"]={0.5256,-0.1071,0.1361,-0.0145,0.7855,0.6187,-0.5619,0.5055,-0.6548,-0.8271,-0.3571,0.4340},["Right Shoulder"]={0.4339,-0.2059,-0.1681,0.0176,-0.7174,0.6965,0.9974,-0.0365,-0.0628,0.0705,0.6957,0.7148},["Neck"]={0.0000,-0.0000,0.0000,0.8652,-0.4838,0.1315,0.4843,0.8744,0.0299,-0.1295,0.0378,0.9909},["Right Hip"]={0.5084,0.6948,0.0581,0.8948,-0.4437,0.0496,0.4442,0.8959,0.0015,-0.0451,0.0207,0.9988},["Left Hip"]={-0.8085,1.2683,0.2418,0.8938,-0.3768,0.2432,0.3935,0.9190,-0.0223,-0.2152,0.1157,0.9697},["RootJoint"]={-0.0998,0.0111,-0.5686,0.8850,0.4079,-0.2245,-0.4646,0.8049,-0.3692,0.0301,0.4310,0.9018}}},
{t=0.8661,b={["Left Shoulder"]={0.1701,-0.0435,0.2048,0.5667,0.6729,0.4755,-0.6193,0.7285,-0.2928,-0.5434,-0.1285,0.8296},["Right Shoulder"]={-0.0697,-0.0601,0.1244,0.6970,-0.7016,0.1478,0.7041,0.7087,0.0439,-0.1356,0.0734,0.9880},["Neck"]={0.0000,0.0000,0.0000,0.9558,-0.2886,0.0567,0.2933,0.9498,-0.1088,-0.0225,0.1206,0.9924},["Right Hip"]={0.4366,0.6381,0.1756,0.9281,-0.3029,-0.2167,0.2537,0.9402,-0.2275,0.2726,0.1562,0.9494},["Left Hip"]={-0.4356,0.8112,0.3398,0.9272,-0.0187,0.3741,0.0653,0.9915,-0.1124,-0.3688,0.1287,0.9205},["RootJoint"]={-0.1584,0.0074,-0.7235,0.9505,0.2862,-0.1209,-0.3104,0.8585,-0.4081,-0.0130,0.4254,0.9049}}},
{t=0.9191,b={["Left Shoulder"]={0.0991,-0.0249,0.1193,0.8468,0.4270,0.3173,-0.4080,0.9040,-0.1275,-0.3413,-0.0214,0.9397},["Right Shoulder"]={-0.2571,-0.0677,0.0773,0.8168,-0.5731,-0.0656,0.5768,0.8094,0.1104,-0.0101,-0.1280,0.9917},["Neck"]={0.0000,0.0000,0.0000,0.9854,-0.1704,-0.0025,0.1681,0.9745,-0.1489,0.0278,0.1463,0.9889},["Right Hip"]={0.2866,0.3661,0.1499,0.9319,-0.2702,-0.2419,0.2204,0.9517,-0.2139,0.2881,0.1461,0.9464},["Left Hip"]={-0.2620,0.4926,0.2180,0.9537,0.0648,0.2937,-0.0442,0.9961,-0.0764,-0.2975,0.0598,0.9528},["RootJoint"]={-0.1177,0.0043,-0.5148,0.9836,0.1758,-0.0412,-0.1793,0.9234,-0.3393,-0.0217,0.3411,0.9398}}},
{t=0.9823,b={["Left Shoulder"]={0.0829,-0.0181,0.0999,0.8916,0.3616,0.2726,-0.3483,0.9323,-0.0973,-0.2894,-0.0082,0.9572},["Right Shoulder"]={-0.2152,-0.0551,0.0647,0.8705,-0.4895,-0.0524,0.4923,0.8651,0.0967,-0.0020,-0.1100,0.9939},["Neck"]={0.0000,0.0000,0.0000,0.9898,-0.1427,-0.0039,0.1411,0.9822,-0.1239,0.0216,0.1220,0.9923},["Right Hip"]={0.2399,0.3076,0.1255,0.9520,-0.2247,-0.2076,0.1897,0.9660,-0.1760,0.2401,0.1282,0.9623},["Left Hip"]={-0.2193,0.4138,0.1825,0.9675,0.0531,0.2474,-0.0386,0.9973,-0.0631,-0.2501,0.0515,0.9669},["RootJoint"]={-0.0985,0.0036,-0.4325,0.9884,0.1487,-0.0303,-0.1511,0.9461,-0.2865,-0.0139,0.2878,0.9576}}},
{t=1.0332,b={["Left Shoulder"]={0.0700,-0.0121,0.0843,0.9224,0.3068,0.2348,-0.2975,0.9518,-0.0749,-0.2465,-0.0008,0.9691},["Right Shoulder"]={-0.1816,-0.0448,0.0546,0.9074,-0.4180,-0.0432,0.4202,0.9034,0.0850,0.0035,-0.0953,0.9954},["Neck"]={0.0000,0.0000,0.0000,0.9927,-0.1202,-0.0046,0.1191,0.9875,-0.1034,0.0170,0.1021,0.9946},["Right Hip"]={0.2025,0.2619,0.1059,0.9657,-0.1885,-0.1785,0.1634,0.9757,-0.1462,0.2017,0.1120,0.9730},["Left Hip"]={-0.1851,0.3521,0.1540,0.9768,0.0440,0.2097,-0.0337,0.9980,-0.0527,-0.2116,0.0444,0.9763},["RootJoint"]={-0.0831,0.0031,-0.3681,0.9917,0.1263,-0.0228,-0.1280,0.9615,-0.2432,-0.0088,0.2441,0.9697}}},
{t=1.0841,b={["Left Shoulder"]={0.0571,-0.0068,0.0687,0.9483,0.2505,0.1947,-0.2446,0.9681,-0.0544,-0.2022,0.0039,0.9793},["Right Shoulder"]={-0.1481,-0.0352,0.0445,0.9384,-0.3439,-0.0340,0.3455,0.9356,0.0723,0.0070,-0.0796,0.9968},["Neck"]={-0.0000,0.0000,0.0000,0.9952,-0.0977,-0.0048,0.0970,0.9918,-0.0827,0.0128,0.0818,0.9966},["Right Hip"]={0.1651,0.2178,0.0864,0.9772,-0.1524,-0.1479,0.1357,0.9838,-0.1171,0.1634,0.0944,0.9820},["Left Hip"]={-0.1509,0.2924,0.1256,0.9845,0.0352,0.1715,-0.0283,0.9987,-0.0424,-0.1728,0.0369,0.9843},["RootJoint"]={-0.0678,0.0025,-0.3059,0.9945,0.1035,-0.0162,-0.1047,0.9744,-0.1992,-0.0048,0.1998,0.9798}}},
{t=1.1507,b={["Left Shoulder"]={0.0399,-0.0040,0.0480,0.9751,0.1748,0.1366,-0.1722,0.9846,-0.0308,-0.1398,0.0065,0.9902},["Right Shoulder"]={-0.1034,-0.0249,0.0311,0.9698,-0.2431,-0.0206,0.2438,0.9683,0.0536,0.0069,-0.0569,0.9984},["Neck"]={0.0000,0.0000,-0.0000,0.9977,-0.0679,-0.0043,0.0675,0.9962,-0.0556,0.0080,0.0552,0.9984},["Right Hip"]={0.1153,0.1617,0.0603,0.9889,-0.1050,-0.1053,0.0969,0.9921,-0.0796,0.1128,0.0685,0.9913},["Left Hip"]={-0.1054,0.2160,0.0877,0.9925,0.0239,0.1201,-0.0205,0.9994,-0.0291,-0.1207,0.0264,0.9923},["RootJoint"]={-0.0473,0.0017,-0.2264,0.9973,0.0726,-0.0091,-0.0732,0.9875,-0.1395,-0.0011,0.1398,0.9902}}},
{t=1.2032,b={["Left Shoulder"]={0.0259,-0.0036,0.0311,0.9898,0.1130,0.0867,-0.1121,0.9936,-0.0152,-0.0879,0.0053,0.9961},["Right Shoulder"]={-0.0671,-0.0169,0.0202,0.9871,-0.1595,-0.0106,0.1598,0.9865,0.0371,0.0046,-0.0383,0.9993},["Neck"]={-0.0000,0.0000,-0.0000,0.9990,-0.0438,-0.0032,0.0437,0.9985,-0.0342,0.0047,0.0340,0.9994},["Right Hip"]={0.0748,0.1152,0.0391,0.9953,-0.0672,-0.0692,0.0638,0.9967,-0.0504,0.0724,0.0458,0.9963},["Left Hip"]={-0.0683,0.1529,0.0569,0.9968,0.0151,0.0780,-0.0137,0.9997,-0.0186,-0.0783,0.0174,0.9968},["RootJoint"]={-0.0307,0.0011,-0.1606,0.9989,0.0472,-0.0047,-0.0474,0.9948,-0.0906,0.0004,0.0907,0.9959}}},
{t=1.2637,b={["Left Shoulder"]={0.0097,-0.0105,0.0117,0.9988,0.0434,0.0241,-0.0434,0.9991,-0.0013,-0.0242,0.0003,0.9997},["Right Shoulder"]={-0.0252,-0.0105,0.0076,0.9979,-0.0642,0.0021,0.0641,0.9978,0.0158,-0.0031,-0.0156,0.9999},["Neck"]={-0.0000,0.0000,-0.0000,0.9999,-0.0169,-0.0014,0.0169,0.9998,-0.0111,0.0016,0.0111,0.9999},["Right Hip"]={0.0280,0.0624,0.0147,0.9993,-0.0248,-0.0263,0.0243,0.9995,-0.0183,0.0267,0.0177,0.9995},["Left Hip"]={-0.0256,0.0812,0.0213,0.9996,0.0055,0.0293,-0.0053,1.0000,-0.0068,-0.0293,0.0067,0.9995},["RootJoint"]={-0.0115,0.0004,-0.0860,0.9998,0.0177,-0.0013,-0.0177,0.9993,-0.0340,0.0007,0.0340,0.9994}}},
{t=1.3190,b={["Left Shoulder"]={0.0000,-0.0177,0.0000,0.9999,0.0026,-0.0153,-0.0026,1.0000,0.0046,0.0153,-0.0045,0.9999},["Right Shoulder"]={-0.0000,-0.0071,-0.0000,0.9999,-0.0073,0.0091,0.0073,1.0000,0.0023,-0.0091,-0.0022,1.0000},["Neck"]={-0.0000,-0.0000,-0.0000,1.0000,-0.0012,-0.0000,0.0012,1.0000,0.0018,-0.0000,-0.0018,1.0000},["Right Hip"]={0.0000,0.0293,0.0000,1.0000,-0.0000,0.0000,0.0000,1.0000,-0.0000,0.0000,0.0000,1.0000},["Left Hip"]={-0.0000,0.0364,0.0000,1.0000,0.0000,0.0000,0.0000,1.0000,-0.0000,-0.0000,0.0000,1.0000},["RootJoint"]={-0.0000,0.0000,-0.0393,1.0000,0.0000,-0.0000,-0.0000,1.0000,0.0000,0.0000,0.0000,1.0000}}},
}
local aS=c:FindFirstChild('Animate') if aS then aS.Disabled=true end
local an=nil if h then an=h:FindFirstChildOfClass('Animator') if an then for _,t in pairs(an:GetPlayingAnimationTracks()) do t:Stop(0) end end end
local m={} for _,v in pairs(c:GetDescendants()) do if v:IsA('Motor6D') then m[v.Name]=v end end
local sT=os.clock() local tD=fd[#fd].t if tD<=0 then tD=1 end
local done=false local cn cn=R.Stepped:Connect(function()
if done then return end if an then for _,t in pairs(an:GetPlayingAnimationTracks()) do t:Stop(0) end end
local e=os.clock()-sT
if e>=tD then done=true cn:Disconnect() if aS then aS.Disabled=false end return end
local pf,nf=fd[1],fd[#fd] for i=1,#fd-1 do if fd[i].t<=e and fd[i+1].t>=e then pf=fd[i] nf=fd[i+1] break end end
local sp=nf.t-pf.t local al=sp>0 and(e-pf.t)/sp or 0
for k,motor in pairs(m) do local pd,nd=pf.b[k],nf.b[k] if pd and nd then motor.Transform=tCF(pd):Lerp(tCF(nd),al) elseif pd then motor.Transform=tCF(pd) elseif nd then motor.Transform=tCF(nd) end end
end)
return nil