local P=game:GetService('Players') local R=game:GetService('RunService')
local pl=P.LocalPlayer local c=pl.Character or pl.CharacterAdded:Wait()
local h=c:FindFirstChildOfClass('Humanoid')
local function tCF(d) return CFrame.new(d[1],d[2],d[3],d[4],d[5],d[6],d[7],d[8],d[9],d[10],d[11],d[12]) end
local fd={
{t=0.0000,b={["Left Shoulder"]={-0.3424,-0.6170,-0.0752,-0.3876,0.8088,-0.4423,-0.5288,0.1979,0.8253,0.7550,0.5538,0.3510},["Right Shoulder"]={-0.2596,-0.3581,-0.2670,0.4761,0.6440,-0.5989,0.2035,0.5818,0.7874,0.8555,-0.4968,0.1459},["Left Hip"]={0.9152,0.0345,-0.5774,0.5415,-0.2189,0.8117,0.1860,0.9728,0.1383,-0.8199,0.0760,0.5675},["LGrip"]={0.0000,0.0000,0.0000,-0.9993,0.0032,-0.0361,-0.0005,0.9947,0.1031,0.0362,0.1031,-0.9940},["Neck"]={0.0000,-0.0000,-0.0000,0.7261,-0.6626,0.1836,0.6858,0.6787,-0.2627,0.0495,0.3166,0.9473},["Right Hip"]={1.1601,0.3785,-0.4758,0.6976,-0.3851,0.6042,0.3747,0.9149,0.1506,-0.6107,0.1213,0.7825},["RGrip"]={0.6873,0.0000,0.0000,1.0000,0.0000,0.0000,0.0000,0.0661,-0.9978,0.0000,0.9978,0.0661},["RootJoint"]={-0.0701,0.0147,-0.2642,0.6434,0.7585,-0.1033,-0.7613,0.6200,-0.1897,-0.0799,0.2007,0.9764}}},
{t=0.0519,b={["Left Shoulder"]={-0.3398,-0.6042,-0.0511,-0.4766,0.8566,-0.1979,-0.2765,0.0676,0.9586,0.8345,0.5116,0.2046},["Right Shoulder"]={-0.2695,-0.4081,-0.2420,0.4972,0.7067,-0.5033,0.2776,0.4200,0.8640,0.8220,-0.5694,0.0127},["Left Hip"]={0.8327,-0.0695,-0.7954,0.3624,-0.1711,0.9162,0.2621,0.9620,0.0760,-0.8944,0.2126,0.3935},["LGrip"]={0.0000,0.0000,0.0000,-0.9993,0.0059,-0.0382,-0.0012,0.9834,0.1816,0.0386,0.1815,-0.9826},["Neck"]={0.0000,-0.0000,0.0000,0.5282,-0.8234,0.2075,0.8435,0.4806,-0.2400,0.0979,0.3018,0.9483},["Right Hip"]={1.3871,0.4227,-0.7595,0.5525,-0.4212,0.7193,0.4134,0.8878,0.2023,-0.7237,0.1856,0.6646},["RGrip"]={0.5614,0.0000,0.0000,1.0000,0.0000,0.0000,0.0000,-0.6565,-0.7543,0.0000,0.7543,-0.6565},["RootJoint"]={-0.0012,0.0769,-0.2295,0.4645,0.8679,-0.1761,-0.8815,0.4341,-0.1857,-0.0847,0.2415,0.9667}}},
{t=0.1055,b={["Left Shoulder"]={-0.2317,-0.3835,0.1055,-0.3227,0.9456,0.0411,0.0504,-0.0262,0.9984,0.9452,0.3243,-0.0392},["Right Shoulder"]={-0.2535,-0.4435,-0.1910,0.5787,0.7344,-0.3546,0.2151,0.2820,0.9350,0.7866,-0.6174,0.0052},["Left Hip"]={0.8448,-0.1015,-0.9787,0.1915,-0.1083,0.9755,0.2777,0.9592,0.0519,-0.9414,0.2610,0.2138},["LGrip"]={0.0000,0.0000,0.0000,-0.9993,0.0079,-0.0357,-0.0014,0.9675,0.2530,0.0365,0.2529,-0.9668},["Neck"]={0.0000,0.0000,-0.0000,0.3456,-0.9294,0.1291,0.9293,0.3200,-0.1842,0.1299,0.1837,0.9744},["Right Hip"]={1.3988,0.4172,-1.0439,0.4252,-0.3763,0.8232,0.4033,0.8930,0.1999,-0.8103,0.2470,0.5314},["RGrip"]={0.2710,0.0000,0.0000,1.0000,0.0000,0.0000,0.0000,-0.9222,-0.3867,0.0000,0.3867,-0.9222},["RootJoint"]={0.0153,0.0573,-0.2163,0.2733,0.9443,-0.1831,-0.9540,0.2418,-0.1771,-0.1230,0.2231,0.9670}}},
{t=0.1712,b={["Left Shoulder"]={0.0391,0.0241,0.3950,0.1463,0.9737,0.1749,0.4056,-0.2203,0.8871,0.9023,-0.0588,-0.4272},["Right Shoulder"]={-0.1503,-0.4511,-0.0827,0.7147,0.6886,-0.1226,0.0429,0.1318,0.9903,0.6981,-0.7130,0.0646},["Left Hip"]={0.9623,-0.1554,-1.0913,0.0283,-0.1196,0.9924,0.2345,0.9659,0.1097,-0.9717,0.2296,0.0554},["LGrip"]={0.0000,0.0000,0.0000,-0.9996,0.0092,-0.0250,-0.0002,0.9362,0.3515,0.0266,0.3514,-0.9359},["Neck"]={0.0000,0.0000,0.0000,0.2035,-0.9763,-0.0731,0.9780,0.2062,-0.0310,0.0453,-0.0652,0.9968},["Right Hip"]={1.2741,0.3099,-1.3598,0.3492,-0.2432,0.9050,0.3760,0.9209,0.1024,-0.8583,0.3045,0.4130},["RGrip"]={0.0000,0.0000,0.0000,1.0000,-0.0000,0.0000,0.0000,-0.9986,0.0522,-0.0000,-0.0522,-0.9986},["RootJoint"]={-0.0021,-0.1036,-0.1501,0.1120,0.9889,-0.0975,-0.9679,0.0864,-0.2360,-0.2249,0.1208,0.9669}}},
{t=0.2273,b={["Left Shoulder"]={0.2639,0.1684,0.4974,0.5539,0.8279,0.0885,0.4636,-0.3950,0.7931,0.6915,-0.3983,-0.6026},["Right Shoulder"]={0.0194,-0.3946,0.0264,0.8362,0.5472,-0.0358,-0.0234,0.1008,0.9946,0.5479,-0.8309,0.0971},["Left Hip"]={0.6582,-0.0234,0.2893,0.5887,-0.4657,0.6607,0.1694,0.8703,0.4625,-0.7904,-0.1604,0.5912},["LGrip"]={0.0000,0.0000,0.0000,-0.9988,0.0463,-0.0139,-0.0209,-0.1534,0.9879,0.0436,0.9871,0.1542},["Neck"]={-0.0000,-0.0000,0.0000,0.8817,-0.4707,-0.0317,0.4681,0.8645,0.1834,-0.0589,-0.1766,0.9825},["Right Hip"]={1.2748,0.1883,-0.8321,0.8310,-0.2532,0.4953,0.4151,0.8750,-0.2492,-0.3703,0.4127,0.8322},["RGrip"]={0.0000,0.0000,0.0000,1.0000,-0.0000,0.0000,0.0000,-0.9702,0.2422,-0.0000,-0.2422,-0.9702},["RootJoint"]={-0.0142,-0.3644,-0.0399,0.7346,0.6120,0.2929,-0.4626,0.7676,-0.4437,-0.4964,0.1904,0.8469}}},
{t=0.2809,b={["Left Shoulder"]={0.4640,-0.3010,0.1756,0.8712,-0.4899,0.0308,0.0914,0.2236,0.9704,-0.4823,-0.8426,0.2396},["Right Shoulder"]={0.4944,-0.1728,0.2795,0.8718,-0.3814,-0.3075,0.3982,0.1861,0.8982,-0.2853,-0.9055,0.3141},["Left Hip"]={-0.9877,0.3748,0.0895,0.6739,0.2075,-0.7091,0.4428,0.6549,0.6124,0.5914,-0.7267,0.3494},["LGrip"]={0.0000,0.0000,0.0000,-0.9997,0.0246,0.0077,-0.0001,-0.3024,0.9532,0.0258,0.9529,0.3023},["Neck"]={0.0000,-0.0000,-0.0000,0.5625,0.7988,-0.2133,-0.8133,0.5810,0.0309,0.1486,0.1561,0.9765},["Right Hip"]={-0.5346,-0.3647,0.0528,0.3668,-0.3993,-0.8403,0.1778,0.9167,-0.3580,0.9132,-0.0181,0.4072},["RGrip"]={0.0000,0.0000,0.0000,1.0000,-0.0000,0.0000,0.0000,-0.1746,0.9846,-0.0000,-0.9846,-0.1746},["RootJoint"]={0.2576,-0.6723,-0.2997,0.2948,-0.8202,0.4902,0.9459,0.3232,-0.0280,-0.1355,0.4719,0.8711}}},
{t=0.3331,b={["Left Shoulder"]={0.1501,-0.3133,0.1437,0.1760,-0.7770,0.6044,0.6183,0.5651,0.5463,-0.7660,0.2776,0.5799},["Right Shoulder"]={0.2904,-0.2916,0.4082,0.3418,-0.9064,-0.2481,0.0819,-0.2342,0.9687,-0.9362,-0.3514,-0.0058},["Left Hip"]={-0.2778,0.1039,0.3347,0.9931,0.0095,-0.1166,0.0344,0.9290,0.3684,0.1119,-0.3699,0.9223},["LGrip"]={0.0000,0.0000,0.0000,-0.9997,0.0246,0.0077,-0.0001,-0.3024,0.9532,0.0258,0.9529,0.3023},["Neck"]={0.0000,-0.0000,0.0000,0.8882,0.4553,-0.0612,-0.4403,0.8817,0.1694,0.1311,-0.1235,0.9836},["Right Hip"]={0.5153,0.2340,0.3660,0.6748,-0.6256,-0.3914,0.6144,0.7701,-0.1717,0.4088,-0.1246,0.9041},["RGrip"]={0.0000,0.0000,0.0000,1.0000,-0.0000,0.0000,0.0000,0.0861,0.9963,-0.0000,-0.9963,0.0861},["RootJoint"]={0.0992,-0.7142,-0.3130,0.8848,-0.3493,0.3085,0.4607,0.7547,-0.4671,-0.0697,0.5554,0.8287}}},
{t=0.3887,b={["Left Shoulder"]={-0.4981,0.2641,0.6604,0.4215,0.7045,0.5710,-0.3149,-0.4768,0.8207,0.8504,-0.5258,0.0208},["Right Shoulder"]={0.0587,-0.4590,0.3728,0.9421,0.1546,-0.2975,0.1954,0.4678,0.8620,0.2724,-0.8702,0.4105},["Left Hip"]={0.7706,-0.5716,-0.8450,0.4477,0.1948,0.8727,0.2007,0.9292,-0.3104,-0.8713,0.3142,0.3769},["LGrip"]={0.0000,0.0000,0.0000,-0.9997,0.0246,0.0077,-0.0001,-0.3024,0.9532,0.0258,0.9529,0.3023},["Neck"]={0.0000,-0.0000,-0.0000,0.5276,-0.8487,-0.0363,0.8252,0.5018,0.2593,-0.2019,-0.1667,0.9651},["Right Hip"]={1.2189,0.9576,-1.0110,0.3192,-0.7038,0.6346,0.6575,0.6467,0.3866,-0.6825,0.2939,0.6692},["RGrip"]={0.0000,0.0000,0.0000,1.0000,-0.0000,0.0000,0.0000,0.0861,0.9963,-0.0000,-0.9963,0.0861},["RootJoint"]={-0.2708,-0.7071,-0.4397,0.5130,0.7546,-0.4092,-0.8385,0.3383,-0.4272,-0.1839,0.5622,0.8063}}},
{t=0.4485,b={["Left Shoulder"]={0.3212,-0.3409,0.1309,0.6559,-0.6905,-0.3050,0.5669,0.1837,0.8030,-0.4984,-0.6996,0.5120},["Right Shoulder"]={0.4325,-0.2113,0.3618,0.4583,-0.8552,-0.2419,0.1912,-0.1709,0.9666,-0.8680,-0.4892,0.0851},["Left Hip"]={-0.5142,0.6336,0.3956,0.7140,-0.0835,-0.6951,0.6112,0.5586,0.5607,0.3414,-0.8253,0.4499},["LGrip"]={0.0000,0.0000,0.0000,-0.9997,0.0246,0.0077,-0.0001,-0.3024,0.9532,0.0258,0.9529,0.3023},["Neck"]={0.0000,0.0000,0.0000,0.6961,0.6515,-0.3016,-0.6836,0.7298,-0.0012,0.2194,0.2070,0.9534},["Right Hip"]={-0.5789,-0.4346,-0.1634,0.5664,-0.2011,-0.7992,-0.0621,0.9566,-0.2847,0.8218,0.2109,0.5293},["RGrip"]={0.0000,0.0000,0.0000,1.0000,-0.0000,0.0000,0.0000,0.0861,0.9963,-0.0000,-0.9963,0.0861},["RootJoint"]={0.2371,-0.7095,-0.3219,0.4064,-0.8236,0.3955,0.8270,0.5157,0.2240,-0.3884,0.2361,0.8907}}},
{t=0.5241,b={["Left Shoulder"]={-0.5087,0.2905,0.6333,0.3964,0.6939,0.6012,-0.3533,-0.4891,0.7975,0.8474,-0.5285,0.0513},["Right Shoulder"]={0.0757,-0.4524,0.3597,0.9450,0.1621,-0.2842,0.1715,0.4943,0.8522,0.2786,-0.8540,0.4393},["Left Hip"]={0.7329,-0.5713,-0.5875,0.4842,0.1341,0.8646,0.1024,0.9727,-0.2082,-0.8689,0.1894,0.4573},["LGrip"]={0.0000,0.0000,0.0000,-0.9997,0.0246,0.0077,-0.0001,-0.3024,0.9532,0.0258,0.9529,0.3023},["Neck"]={0.0000,-0.0000,0.0000,0.5596,-0.8251,-0.0774,0.8104,0.5253,0.2595,-0.1735,-0.2079,0.9626},["Right Hip"]={1.3306,0.8274,-0.9924,0.3931,-0.6802,0.6186,0.7143,0.6496,0.2603,-0.5790,0.3395,0.7413},["RGrip"]={0.0000,0.0000,0.0000,1.0000,-0.0000,0.0000,0.0000,0.0861,0.9963,-0.0000,-0.9963,0.0861},["RootJoint"]={-0.2171,-0.6984,-0.3157,0.5965,0.7477,-0.2919,-0.7566,0.4023,-0.5156,-0.2680,0.5284,0.8056}}},
{t=0.5763,b={["Left Shoulder"]={0.3782,-0.3501,0.1266,0.2774,-0.8382,0.4695,0.4839,0.5441,0.6854,-0.8300,0.0371,0.5566},["Right Shoulder"]={0.4799,-0.1881,0.3499,0.4955,-0.8337,-0.2437,0.2253,-0.1476,0.9631,-0.8389,-0.5321,0.1147},["Left Hip"]={-0.9835,0.2779,-0.1203,0.6586,0.3139,-0.6839,0.1347,0.8450,0.5175,0.7404,-0.4329,0.5142},["LGrip"]={0.0000,0.0000,0.0000,-0.9997,0.0246,0.0077,-0.0001,-0.3024,0.9532,0.0258,0.9529,0.3023},["Neck"]={0.0000,-0.0000,0.0000,0.5777,0.7986,-0.1690,-0.7940,0.5978,0.1104,0.1892,0.0704,0.9794},["Right Hip"]={-0.5734,-0.0404,0.3736,0.2729,-0.4469,-0.8519,0.4843,0.8290,-0.2797,0.8312,-0.3362,0.4427},["RGrip"]={0.0000,0.0000,0.0000,1.0000,-0.0000,0.0000,0.0000,0.0861,0.9963,-0.0000,-0.9963,0.0861},["RootJoint"]={0.2831,-0.7093,-0.3403,0.3774,-0.8139,0.4417,0.9108,0.2402,-0.3357,0.1671,0.5290,0.8320}}},
{t=0.6315,b={["Left Shoulder"]={-0.3414,0.1042,0.8218,0.5747,0.7529,0.3206,-0.0392,-0.3660,0.9298,0.8174,-0.5470,-0.1808},["Right Shoulder"]={0.0148,-0.4478,0.4345,0.9326,0.0061,-0.3608,0.3440,0.2867,0.8941,0.1089,-0.9580,0.2653},["Left Hip"]={0.8666,-0.7398,-1.0986,0.3569,0.2022,0.9120,0.4023,0.8478,-0.3454,-0.8431,0.4902,0.2213},["LGrip"]={0.0000,0.0000,0.0000,-0.9997,0.0246,0.0077,-0.0001,-0.3024,0.9532,0.0258,0.9529,0.3023},["Neck"]={0.0000,0.0000,0.0000,0.4153,-0.9039,0.1025,0.8727,0.4277,0.2354,-0.2566,-0.0083,0.9665},["Right Hip"]={1.1329,0.7131,-1.1106,0.2422,-0.6870,0.6851,0.5496,0.6790,0.4866,-0.7995,0.2586,0.5421},["RGrip"]={0.0000,0.0000,0.0000,1.0000,-0.0000,0.0000,0.0000,-0.1797,0.9837,-0.0000,-0.9837,-0.1797},["RootJoint"]={-0.4481,-0.7048,-0.3204,0.3670,0.7921,-0.4877,-0.9277,0.2734,-0.2541,-0.0680,0.5457,0.8352}}},
{t=0.6890,b={["Left Shoulder"]={0.3518,-0.2789,0.1916,0.9748,-0.0994,-0.1995,0.2115,0.1302,0.9687,-0.0703,-0.9865,0.1479},["Right Shoulder"]={0.5142,-0.1805,0.3251,0.8445,-0.4704,-0.2560,0.3578,0.1399,0.9233,-0.3985,-0.8713,0.2864},["Left Hip"]={-0.3849,0.5894,0.3000,0.7485,-0.1012,-0.6554,0.5724,0.5978,0.5613,0.3350,-0.7953,0.5053},["LGrip"]={0.0000,0.0000,0.0000,-0.9997,0.0246,0.0077,-0.0001,-0.3024,0.9532,0.0258,0.9529,0.3023},["Neck"]={0.0000,-0.0000,0.0000,0.6804,0.6542,-0.3305,-0.7004,0.7131,-0.0305,0.2157,0.2522,0.9433},["Right Hip"]={-0.4483,-0.3261,-0.0890,0.6311,-0.2402,-0.7376,-0.0051,0.9495,-0.3136,0.7757,0.2017,0.5980},["RGrip"]={0.0000,0.0000,0.0000,1.0000,-0.0000,0.0000,0.0000,-0.9253,0.3793,-0.0000,-0.3793,-0.9253},["RootJoint"]={0.2798,-0.7024,-0.3853,0.4914,-0.7604,0.4245,0.7902,0.5943,0.1497,-0.3662,0.2619,0.8929}}},
{t=0.7556,b={["Left Shoulder"]={-0.2846,0.0549,0.7399,0.7382,0.6573,0.1514,-0.0175,-0.2058,0.9784,0.6743,-0.7250,-0.1405},["Right Shoulder"]={0.0363,-0.4314,0.4350,0.9334,-0.1506,-0.3257,0.3529,0.2202,0.9094,-0.0653,-0.9638,0.2587},["Left Hip"]={0.8921,-0.6442,-0.8859,0.4502,0.0866,0.8887,0.3678,0.8889,-0.2730,-0.8136,0.4498,0.3684},["LGrip"]={0.0000,0.0000,0.0000,-0.8757,0.3838,-0.2930,-0.3953,-0.2215,0.8914,0.2772,0.8965,0.3457},["Neck"]={0.0000,0.0000,0.0000,0.5445,-0.8334,0.0948,0.8087,0.5517,0.2040,-0.2223,-0.0344,0.9744},["Right Hip"]={1.1317,0.6553,-0.9613,0.3780,-0.6703,0.6386,0.5648,0.7135,0.4146,-0.7336,0.2040,0.6483},["RGrip"]={0.0000,0.0000,0.0000,1.0000,-0.0000,0.0000,0.0000,-0.1900,0.9818,-0.0000,-0.9818,-0.1900},["RootJoint"]={-0.3978,-0.7064,-0.3195,0.5084,0.7583,-0.4080,-0.8596,0.4191,-0.2922,-0.0506,0.4993,0.8650}}},
{t=0.8058,b={["Left Shoulder"]={-0.1460,0.0613,0.4282,0.8214,0.4138,0.3926,-0.3968,-0.0800,0.9144,0.4098,-0.9068,0.0984},["Right Shoulder"]={0.2922,-0.3213,0.3265,0.9644,-0.0458,-0.2605,0.2566,0.3999,0.8799,0.0639,-0.9154,0.3974},["Left Hip"]={-0.1615,-0.0774,-0.0046,0.9874,0.1038,0.1190,-0.1262,0.9717,0.1996,-0.0950,-0.2121,0.9726},["LGrip"]={0.0000,0.0000,0.0000,-0.6254,0.6073,-0.4900,-0.6507,-0.0592,0.7570,0.4307,0.7923,0.4322},["Neck"]={0.0000,-0.0000,0.0000,0.9818,-0.1375,-0.1312,0.1555,0.9780,0.1390,0.1092,-0.1569,0.9816},["Right Hip"]={0.7409,0.5333,0.1303,0.6383,-0.7495,-0.1759,0.7420,0.6598,-0.1189,0.2051,-0.0546,0.9772},["RGrip"]={0.0000,0.0000,0.0000,1.0000,-0.0000,0.0000,0.0000,0.6088,0.7933,-0.0000,-0.7933,0.6088},["RootJoint"]={0.0729,-0.6983,-0.3348,0.9857,-0.0578,0.1586,0.1480,0.7478,-0.6472,-0.0812,0.6614,0.7456}}},
{t=0.8681,b={["Left Shoulder"]={0.1848,-0.3556,0.2354,0.8066,-0.5198,0.2815,0.1969,0.6853,0.7011,-0.5574,-0.5101,0.6551},["Right Shoulder"]={0.2743,-0.2482,0.1491,0.8368,-0.5151,-0.1857,0.2667,0.0872,0.9598,-0.4782,-0.8527,0.2104},["Left Hip"]={0.3202,-0.1187,-0.3064,0.8994,-0.1269,0.4182,0.1168,0.9919,0.0499,-0.4212,0.0040,0.9070},["LGrip"]={0.0000,0.0000,0.0000,-0.1856,0.7525,-0.6319,-0.8298,0.2243,0.5109,0.5262,0.6192,0.5828},["Neck"]={0.0000,-0.0000,-0.0000,0.9721,-0.2344,0.0048,0.2342,0.9701,-0.0637,0.0103,0.0630,0.9980},["Right Hip"]={0.9242,0.4975,-0.3788,0.7513,-0.6122,0.2467,0.6071,0.7876,0.1056,-0.2589,0.0704,0.9633},["RGrip"]={0.0000,0.0000,0.0000,1.0000,0.0000,0.0000,0.0000,1.0000,0.0000,0.0000,0.0000,1.0000},["RootJoint"]={-0.0352,-0.7077,-0.4037,0.9447,0.3249,-0.0453,-0.3078,0.8303,-0.4647,-0.1134,0.4529,0.8843}}},
{t=0.9264,b={["Left Shoulder"]={-0.2575,-0.4114,0.3997,0.1750,0.9496,0.2599,-0.1968,-0.2249,0.9543,0.9647,-0.2182,0.1475},["Right Shoulder"]={-0.0170,-0.3288,-0.0394,0.8018,0.5368,-0.2627,0.1101,0.2994,0.9478,0.5874,-0.7888,0.1810},["Left Hip"]={0.6764,-0.4725,-1.8416,-0.0508,0.3534,0.9341,0.4652,0.8360,-0.2910,-0.8838,0.4197,-0.2069},["LGrip"]={0.0000,0.0000,0.0000,0.2662,0.7286,-0.6311,-0.8219,0.5136,0.2463,0.5036,0.4532,0.7355},["Neck"]={0.0000,0.0000,0.0000,0.7115,-0.6776,0.1862,0.6975,0.6485,-0.3049,0.0858,0.3468,0.9340},["Right Hip"]={0.8664,0.5541,-1.6567,-0.0523,-0.3533,0.9340,0.3885,0.8544,0.3449,-0.9199,0.3809,0.0926},["RGrip"]={0.0000,0.0000,0.0000,1.0000,0.0000,0.0000,0.0000,1.0000,0.0000,0.0000,0.0000,1.0000},["RootJoint"]={-0.3507,-0.6985,-0.4283,-0.3127,0.8627,-0.3976,-0.9311,-0.3612,-0.0515,-0.1880,0.3541,0.9161}}},
{t=0.9782,b={["Left Shoulder"]={-0.5143,-0.4138,0.4106,-0.2867,0.8823,0.3733,-0.0416,-0.4007,0.9152,0.9571,0.2468,0.1516},["Right Shoulder"]={-0.0158,-0.2983,-0.0444,0.6586,0.7135,-0.2392,0.0563,0.2702,0.9612,0.7504,-0.6465,0.1378},["Left Hip"]={0.6384,-0.5493,-1.6166,-0.1550,0.2973,0.9421,0.3124,0.9195,-0.2387,-0.9372,0.2573,-0.2354},["LGrip"]={0.0000,0.0000,0.0000,0.6133,0.5901,-0.5250,-0.6789,0.7336,0.0314,0.4037,0.3372,0.8505},["Neck"]={-0.0000,0.0000,0.0000,0.7650,-0.6281,0.1421,0.6308,0.6865,-0.3617,0.1296,0.3663,0.9214},["Right Hip"]={0.9323,0.5158,-1.7425,-0.0009,-0.2513,0.9679,0.5288,0.8214,0.2138,-0.8488,0.5120,0.1321},["RGrip"]={0.0000,0.0000,0.0000,1.0000,0.0000,0.0000,0.0000,1.0000,0.0000,0.0000,0.0000,1.0000},["RootJoint"]={-0.2229,-0.6910,-0.3346,-0.3201,0.8766,-0.3593,-0.8878,-0.4099,-0.2093,-0.3307,0.2520,0.9095}}},
{t=1.0315,b={["Left Shoulder"]={-0.4919,-0.3957,0.3927,-0.3210,0.8909,0.3214,-0.0927,-0.3673,0.9255,0.9425,0.2673,0.2005},["Right Shoulder"]={-0.0139,-0.2565,-0.0445,0.6468,0.7088,-0.2816,0.0691,0.3132,0.9472,0.7595,-0.6321,0.1537},["Left Hip"]={0.7790,-0.4342,-1.4702,-0.0870,0.1413,0.9861,0.3010,0.9473,-0.1092,-0.9496,0.2874,-0.1249},["LGrip"]={0.0000,0.0000,0.0000,0.8835,0.3451,-0.3168,-0.4063,0.9011,-0.1516,0.2331,0.2627,0.9363},["Neck"]={0.0000,-0.0000,0.0000,0.7429,-0.6593,0.1160,0.6538,0.6774,-0.3370,0.1436,0.3262,0.9343},["Right Hip"]={1.0578,0.4327,-1.6236,0.1179,-0.2176,0.9689,0.5207,0.8443,0.1262,-0.8455,0.4897,0.2129},["RGrip"]={0.0000,0.0000,0.0000,1.0000,0.0000,0.0000,0.0000,1.0000,0.0000,0.0000,0.0000,1.0000},["RootJoint"]={-0.1246,-0.6746,-0.3153,-0.1847,0.9523,-0.2431,-0.9357,-0.2461,-0.2529,-0.3007,0.1808,0.9364}}},
{t=1.0820,b={["Left Shoulder"]={-0.4393,-0.3533,0.3507,-0.3715,0.9092,0.1881,-0.2242,-0.2844,0.9321,0.9010,0.3041,0.3095},["Right Shoulder"]={-0.0117,-0.2130,-0.0409,0.6301,0.6959,-0.3445,0.0842,0.3798,0.9212,0.7719,-0.6095,0.1807},["Left Hip"]={0.7638,-0.3811,-1.3918,-0.0213,0.1044,0.9943,0.3212,0.9425,-0.0920,-0.9468,0.3175,-0.0536},["LGrip"]={0.0000,0.0000,0.0000,0.9953,0.0706,-0.0670,-0.0852,0.9648,-0.2490,0.0470,0.2535,0.9662},["Neck"]={-0.0000,-0.0000,0.0000,0.7187,-0.6884,0.0980,0.6817,0.6699,-0.2941,0.1367,0.2782,0.9507},["Right Hip"]={1.1586,0.4823,-1.5118,0.1270,-0.2654,0.9557,0.5036,0.8474,0.1684,-0.8546,0.4599,0.2412},["RGrip"]={0.0000,0.0000,0.0000,1.0000,0.0000,0.0000,0.0000,1.0000,0.0000,0.0000,0.0000,1.0000},["RootJoint"]={-0.0770,-0.6496,-0.3315,-0.0711,0.9698,-0.2332,-0.9620,-0.1284,-0.2409,-0.2636,0.2072,0.9421}}},
{t=1.1480,b={["Left Shoulder"]={-0.3375,-0.2714,0.2695,-0.3435,0.9350,-0.0883,-0.4968,-0.1011,0.8620,0.7970,0.3400,0.4992},["Right Shoulder"]={-0.0085,-0.1521,-0.0322,0.6063,0.6611,-0.4420,0.0710,0.5085,0.8581,0.7921,-0.5517,0.2614},["Left Hip"]={0.7913,-0.3554,-1.1644,0.1141,0.0620,0.9915,0.2745,0.9572,-0.0915,-0.9548,0.2826,0.0922},["LGrip"]={0.0000,0.0000,0.0000,1.0000,0.0000,0.0000,0.0000,0.9816,-0.1910,0.0000,0.1910,0.9816},["Neck"]={0.0000,-0.0000,-0.0000,0.7666,-0.6396,0.0564,0.6307,0.7336,-0.2531,0.1206,0.2296,0.9658},["Right Hip"]={1.2686,0.5298,-1.3139,0.2077,-0.3457,0.9151,0.5097,0.8367,0.2004,-0.8349,0.4248,0.3499},["RGrip"]={0.0000,0.0000,0.0000,1.0000,0.0000,0.0000,0.0000,1.0000,0.0000,0.0000,0.0000,1.0000},["RootJoint"]={-0.0445,-0.5802,-0.3228,0.1371,0.9633,-0.2306,-0.9609,0.0728,-0.2670,-0.2404,0.2582,0.9357}}},
{t=1.2127,b={["Left Shoulder"]={-0.2276,-0.1830,0.1817,-0.0958,0.9394,-0.3291,-0.7386,0.1545,0.6562,0.6673,0.3060,0.6791},["Right Shoulder"]={-0.0055,-0.0973,-0.0221,0.6220,0.5851,-0.5204,-0.0105,0.6707,0.7416,0.7830,-0.4558,0.4233},["Left Hip"]={0.8384,-0.2457,-0.7137,0.4114,-0.0301,0.9109,0.1624,0.9859,-0.0408,-0.8969,0.1647,0.4105},["LGrip"]={0.0000,0.0000,0.0000,1.0000,0.0000,0.0000,0.0000,0.9940,-0.1096,0.0000,0.1096,0.9940},["Neck"]={0.0000,0.0000,0.0000,0.9413,-0.3371,-0.0181,0.3242,0.9176,-0.2301,0.0942,0.2107,0.9730},["Right Hip"]={1.2953,0.4084,-0.8687,0.5104,-0.4078,0.7571,0.4834,0.8642,0.1396,-0.7112,0.2948,0.6382},["RGrip"]={0.0000,0.0000,0.0000,1.0000,0.0000,0.0000,0.0000,1.0000,0.0000,0.0000,0.0000,1.0000},["RootJoint"]={-0.0263,-0.4326,-0.2609,0.4916,0.8567,-0.1563,-0.8557,0.4420,-0.2692,-0.1615,0.2661,0.9503}}},
{t=1.2637,b={["Left Shoulder"]={-0.1422,-0.1144,0.1136,0.3319,0.8642,-0.3780,-0.7820,0.4762,0.4020,0.5275,0.1622,0.8340},["Right Shoulder"]={-0.0034,-0.0588,-0.0140,0.7282,0.4357,-0.5290,-0.0798,0.8206,0.5660,0.6807,-0.3699,0.6323},["Left Hip"]={0.6909,-0.1284,-0.3054,0.6882,-0.0504,0.7238,0.0677,0.9977,0.0051,-0.7224,0.0455,0.6900},["LGrip"]={0.0000,0.0000,0.0000,1.0000,0.0000,0.0000,0.0000,0.9990,-0.0439,0.0000,0.0439,0.9990},["Neck"]={0.0000,-0.0000,0.0000,0.9955,-0.0692,-0.0645,0.0559,0.9802,-0.1898,0.0764,0.1853,0.9797},["Right Hip"]={1.0934,0.2525,-0.4103,0.7733,-0.3929,0.4977,0.4106,0.9084,0.0792,-0.4832,0.1431,0.8637},["RGrip"]={0.0000,0.0000,0.0000,1.0000,0.0000,0.0000,0.0000,1.0000,0.0000,0.0000,0.0000,1.0000},["RootJoint"]={-0.0180,-0.2863,-0.1926,0.7702,0.6323,-0.0834,-0.6320,0.7391,-0.2331,-0.0858,0.2322,0.9689}}},
{t=1.3171,b={["Left Shoulder"]={-0.0879,-0.0707,0.0702,0.6825,0.6729,-0.2853,-0.6375,0.7390,0.2180,0.3575,0.0331,0.9333},["Right Shoulder"]={-0.0020,-0.0357,-0.0087,0.8259,0.3051,-0.4741,-0.0981,0.9059,0.4121,0.5552,-0.2938,0.7781},["Left Hip"]={0.4842,-0.0585,-0.0963,0.8432,-0.0293,0.5368,0.0187,0.9995,0.0253,-0.5373,-0.0113,0.8433},["LGrip"]={0.0000,0.0000,0.0000,1.0000,0.0000,0.0000,0.0000,1.0000,0.0000,0.0000,0.0000,1.0000},["Neck"]={0.0000,0.0000,0.0000,0.9975,0.0003,-0.0704,-0.0109,0.9887,-0.1498,0.0696,0.1502,0.9862},["Right Hip"]={0.7901,0.1507,-0.1498,0.9061,-0.3129,0.2849,0.3122,0.9488,0.0491,-0.2857,0.0445,0.9573},["RGrip"]={0.0000,0.0000,0.0000,1.0000,0.0000,0.0000,0.0000,1.0000,0.0000,0.0000,0.0000,1.0000},["RootJoint"]={-0.0142,-0.1826,-0.1403,0.9037,0.4262,-0.0413,-0.4261,0.8855,-0.1853,-0.0424,0.1851,0.9818}}},
{t=1.3794,b={["Left Shoulder"]={-0.0676,-0.0543,0.0539,0.8073,0.5432,-0.2306,-0.5149,0.8393,0.1745,0.2884,-0.0221,0.9573},["Right Shoulder"]={-0.0016,-0.0274,-0.0067,0.8954,0.2279,-0.3826,-0.0927,0.9357,0.3405,0.4356,-0.2694,0.8589},["Left Hip"]={0.3784,-0.0444,-0.0740,0.9059,-0.0351,0.4221,0.0287,0.9994,0.0215,-0.4226,-0.0073,0.9063},["LGrip"]={0.0000,0.0000,0.0000,1.0000,0.0000,0.0000,0.0000,1.0000,0.0000,0.0000,0.0000,1.0000},["Neck"]={0.0000,0.0000,0.0000,0.9985,0.0012,-0.0541,-0.0074,0.9933,-0.1153,0.0536,0.1156,0.9918},["Right Hip"]={0.6069,0.1158,-0.1151,0.9472,-0.2308,0.2224,0.2304,0.9727,0.0282,-0.2228,0.0246,0.9746},["RGrip"]={0.0000,0.0000,0.0000,1.0000,0.0000,0.0000,0.0000,1.0000,0.0000,0.0000,0.0000,1.0000},["RootJoint"]={-0.0109,-0.1402,-0.1078,0.9426,0.3332,-0.0229,-0.3331,0.9331,-0.1356,-0.0238,0.1354,0.9905}}},
{t=1.4355,b={["Left Shoulder"]={-0.0523,-0.0420,0.0417,0.8836,0.4309,-0.1833,-0.4087,0.9007,0.1472,0.2285,-0.0552,0.9720},["Right Shoulder"]={-0.0012,-0.0212,-0.0052,0.9370,0.1710,-0.3047,-0.0815,0.9550,0.2854,0.3397,-0.2425,0.9087},["Left Hip"]={0.2989,-0.0338,-0.0572,0.9430,-0.0394,0.3304,0.0355,0.9992,0.0176,-0.3308,-0.0049,0.9437},["LGrip"]={0.0000,0.0000,0.0000,1.0000,0.0000,0.0000,0.0000,1.0000,0.0000,0.0000,0.0000,1.0000},["Neck"]={0.0000,0.0000,0.0000,0.9991,0.0015,-0.0419,-0.0052,0.9960,-0.0893,0.0416,0.0895,0.9951},["Right Hip"]={0.4695,0.0896,-0.0890,0.9705,-0.1674,0.1734,0.1671,0.9858,0.0161,-0.1736,0.0133,0.9847},["RGrip"]={0.0000,0.0000,0.0000,1.0000,0.0000,0.0000,0.0000,1.0000,0.0000,0.0000,0.0000,1.0000},["RootJoint"]={-0.0084,-0.1085,-0.0834,0.9655,0.2600,-0.0125,-0.2600,0.9607,-0.0969,-0.0132,0.0968,0.9952}}},
{t=1.4917,b={["Left Shoulder"]={-0.0344,-0.0277,0.0275,0.9496,0.2883,-0.1230,-0.2737,0.9540,0.1226,0.1527,-0.0827,0.9848},["Right Shoulder"]={-0.0008,-0.0140,-0.0034,0.9727,0.1075,-0.2056,-0.0608,0.9734,0.2210,0.2239,-0.2025,0.9533},["Left Hip"]={0.2059,-0.0216,-0.0377,0.9747,-0.0441,0.2192,0.0424,0.9990,0.0123,-0.2196,-0.0027,0.9756},["LGrip"]={0.0000,0.0000,0.0000,1.0000,0.0000,0.0000,0.0000,1.0000,0.0000,0.0000,0.0000,1.0000},["Neck"]={0.0000,0.0000,0.0000,0.9996,0.0014,-0.0276,-0.0030,0.9983,-0.0589,0.0274,0.0590,0.9979},["Right Hip"]={0.3092,0.0590,-0.0586,0.9891,-0.0922,0.1147,0.0921,0.9957,0.0062,-0.1148,0.0044,0.9934},["RGrip"]={0.0000,0.0000,0.0000,1.0000,0.0000,0.0000,0.0000,1.0000,0.0000,0.0000,0.0000,1.0000},["RootJoint"]={-0.0055,-0.0714,-0.0549,0.9851,0.1722,-0.0042,-0.1722,0.9837,-0.0512,-0.0047,0.0511,0.9987}}},
{t=1.5549,b={["Left Shoulder"]={-0.0140,-0.0113,0.0112,0.9918,0.1175,-0.0503,-0.1117,0.9882,0.1050,0.0621,-0.0985,0.9932},["Right Shoulder"]={-0.0003,-0.0057,-0.0014,0.9955,0.0409,-0.0852,-0.0278,0.9884,0.1495,0.0903,-0.1465,0.9851},["Left Hip"]={0.0992,-0.0076,-0.0154,0.9948,-0.0491,0.0893,0.0488,0.9988,0.0052,-0.0895,-0.0009,0.9960},["LGrip"]={0.0000,0.0000,0.0000,1.0000,0.0000,0.0000,0.0000,1.0000,0.0000,0.0000,0.0000,1.0000},["Neck"]={0.0000,0.0000,0.0000,0.9999,0.0008,-0.0112,-0.0010,0.9997,-0.0240,0.0112,0.0240,0.9996},["Right Hip"]={0.1260,0.0240,-0.0239,0.9989,-0.0063,0.0467,0.0063,1.0000,0.0005,-0.0467,-0.0002,0.9989},["RGrip"]={0.0000,0.0000,0.0000,1.0000,0.0000,0.0000,0.0000,1.0000,0.0000,0.0000,0.0000,1.0000},["RootJoint"]={-0.0023,-0.0291,-0.0224,0.9975,0.0701,0.0001,-0.0701,0.9975,0.0013,-0.0000,-0.0013,1.0000}}},
{t=1.6096,b={["Left Shoulder"]={-0.0000,-0.0000,0.0000,1.0000,0.0000,-0.0000,-0.0000,0.9951,0.0993,0.0000,-0.0993,0.9951},["Right Shoulder"]={-0.0000,0.0000,0.0000,1.0000,0.0000,-0.0000,-0.0000,0.9947,0.1026,0.0000,-0.1026,0.9947},["Left Hip"]={0.0256,0.0020,-0.0000,0.9987,-0.0518,0.0000,0.0518,0.9987,0.0000,-0.0000,-0.0000,1.0000},["LGrip"]={0.0000,0.0000,0.0000,1.0000,0.0000,0.0000,0.0000,1.0000,0.0000,0.0000,0.0000,1.0000},["Neck"]={0.0000,0.0000,0.0000,1.0000,0.0000,-0.0000,-0.0000,1.0000,0.0000,0.0000,0.0000,1.0000},["Right Hip"]={0.0000,0.0000,-0.0000,0.9987,0.0518,0.0000,-0.0518,0.9987,-0.0000,-0.0000,-0.0000,1.0000},["RGrip"]={0.0000,0.0000,0.0000,1.0000,0.0000,0.0000,0.0000,1.0000,0.0000,0.0000,0.0000,1.0000},["RootJoint"]={-0.0000,-0.0000,-0.0000,1.0000,0.0000,0.0000,-0.0000,0.9993,0.0368,0.0000,-0.0368,0.9993}}},
}
local aS=c:FindFirstChild('Animate') if aS then aS.Disabled=true end
local an=nil if h then an=h:FindFirstChildOfClass('Animator') if an then for _,t in pairs(an:GetPlayingAnimationTracks()) do t:Stop(0) end end end
local m={} for _,v in pairs(c:GetDescendants()) do if v:IsA('Motor6D') then m[v.Name]=v end end
local sT=os.clock() local tD=fd[#fd].t if tD<=0 then tD=1 end
local done=false local cn cn=R.Stepped:Connect(function()
if done then return end if an then for _,t in pairs(an:GetPlayingAnimationTracks()) do t:Stop(0) end end
local e=os.clock()-sT
if e>=tD then done=true cn:Disconnect() if aS then aS.Disabled=false end return end
local pf,nf=fd[1],fd[#fd] for i=1,#fd-1 do if fd[i].t<=e and fd[i+1].t>=e then pf=fd[i] nf=fd[i+1] break end end
local sp=nf.t-pf.t local al=sp>0 and(e-pf.t)/sp or 0
for k,motor in pairs(m) do local pd,nd=pf.b[k],nf.b[k] if pd and nd then motor.Transform=tCF(pd):Lerp(tCF(nd),al) elseif pd then motor.Transform=tCF(pd) elseif nd then motor.Transform=tCF(nd) end end
end)
return nil