local P=game:GetService('Players') local R=game:GetService('RunService')
local pl=P.LocalPlayer local c=pl.Character or pl.CharacterAdded:Wait()
local h=c:FindFirstChildOfClass('Humanoid')
local function tCF(d) return CFrame.new(d[1],d[2],d[3],d[4],d[5],d[6],d[7],d[8],d[9],d[10],d[11],d[12]) end
local fd={
{t=0.0000,b={["Left Shoulder"]={-0.0037,-0.0129,-0.0007,0.9949,-0.0067,-0.1003,0.0086,0.9998,0.0181,0.1001,-0.0188,0.9948},["Right Shoulder"]={0.0037,-0.0130,-0.0007,0.9949,0.0067,0.1003,-0.0086,0.9998,0.0181,-0.1001,-0.0188,0.9948},["Neck"]={0.0000,0.0000,-0.0000,1.0000,-0.0000,-0.0000,0.0000,0.9923,-0.1239,0.0000,0.1239,0.9923},["Right Hip"]={0.0000,0.0000,-0.0000,0.9979,0.0254,-0.0598,-0.0237,0.9993,0.0293,0.0605,-0.0278,0.9978},["Left Hip"]={0.0000,0.0000,-0.0000,0.9979,-0.0254,0.0598,0.0237,0.9993,0.0293,-0.0605,-0.0278,0.9978},["RootJoint"]={0.0000,0.0000,0.0000,-1.0000,0.0001,0.0000,-0.0001,-1.0000,-0.0033,-0.0000,-0.0033,1.0000}}},
{t=0.0511,b={["Left Shoulder"]={-0.0037,-0.0129,-0.0007,0.9949,-0.0067,-0.1003,0.0086,0.9998,0.0181,0.1001,-0.0188,0.9948},["Right Shoulder"]={0.0037,-0.0130,-0.0007,0.9949,0.0067,0.1003,-0.0086,0.9998,0.0181,-0.1001,-0.0188,0.9948},["Neck"]={0.0000,0.0000,-0.0000,1.0000,-0.0000,-0.0000,0.0000,0.9923,-0.1239,0.0000,0.1239,0.9923},["Right Hip"]={0.0000,0.0000,-0.0000,0.9979,0.0254,-0.0598,-0.0237,0.9993,0.0293,0.0605,-0.0278,0.9978},["Left Hip"]={0.0000,0.0000,-0.0000,0.9979,-0.0254,0.0598,0.0237,0.9993,0.0293,-0.0605,-0.0278,0.9978},["RootJoint"]={0.0000,0.0000,0.0000,-1.0000,0.0001,0.0000,-0.0001,-1.0000,-0.0033,-0.0000,-0.0033,1.0000}}},
{t=0.1207,b={["Left Shoulder"]={-0.0004,-0.0136,-0.0010,0.9953,-0.0046,-0.0963,0.0063,0.9998,0.0177,0.0962,-0.0182,0.9952},["Right Shoulder"]={0.0087,-0.0171,-0.0035,0.9915,0.0017,0.1298,-0.0041,0.9998,0.0183,-0.1297,-0.0187,0.9914},["Neck"]={-0.0000,0.0000,0.0000,1.0000,0.0002,0.0030,0.0002,0.9918,-0.1275,-0.0030,0.1275,0.9918},["Right Hip"]={-0.0001,0.0010,0.0009,0.9977,0.0285,-0.0612,-0.0268,0.9992,0.0295,0.0620,-0.0278,0.9977},["Left Hip"]={-0.0093,0.0018,0.0011,0.9978,-0.0204,0.0627,0.0186,0.9994,0.0290,-0.0632,-0.0278,0.9976},["RootJoint"]={-0.0010,-0.0052,-0.0030,-1.0000,-0.0018,0.0001,0.0018,-1.0000,0.0017,0.0001,0.0017,1.0000}}},
{t=0.1880,b={["Left Shoulder"]={0.0673,-0.0272,-0.0068,0.9990,0.0417,-0.0188,-0.0415,0.9991,0.0092,0.0192,-0.0084,0.9998},["Right Shoulder"]={0.0813,-0.0789,-0.0448,0.8293,-0.1288,0.5437,0.1135,0.9916,0.0619,-0.5471,0.0103,0.8370},["Neck"]={0.0000,0.0000,-0.0000,0.9981,0.0078,0.0609,0.0044,0.9800,-0.1990,-0.0612,0.1989,0.9781},["Right Hip"]={-0.0029,0.0211,0.0190,0.9930,0.0842,-0.0833,-0.0809,0.9958,0.0429,0.0865,-0.0359,0.9956},["Left Hip"]={-0.1476,0.0293,0.0171,0.9889,0.0743,0.1287,-0.0766,0.9970,0.0127,-0.1274,-0.0225,0.9916},["RootJoint"]={-0.0214,-0.0936,-0.0540,-0.9991,-0.0418,0.0093,0.0425,-0.9946,0.0941,0.0053,0.0945,0.9955}}},
{t=0.2526,b={["Left Shoulder"]={0.1936,-0.0529,-0.0199,0.9849,0.1349,0.1081,-0.1342,0.9909,-0.0137,-0.1089,-0.0010,0.9940},["Right Shoulder"]={0.0712,-0.1131,-0.0516,0.5747,-0.4540,0.6809,0.3940,0.8827,0.2559,-0.7173,0.1212,0.6862},["Neck"]={-0.0000,-0.0000,-0.0000,0.9877,0.0346,0.1523,0.0150,0.9496,-0.3131,-0.1555,0.3115,0.9374},["Right Hip"]={-0.0091,0.0585,0.0536,0.9833,0.1530,-0.0986,-0.1418,0.9835,0.1125,0.1142,-0.0967,0.9887},["Left Hip"]={-0.2158,0.0418,0.0233,0.9389,0.2163,0.2678,-0.2057,0.9763,-0.0674,-0.2761,0.0082,0.9611},["RootJoint"]={-0.0548,-0.1871,-0.1080,-0.9890,-0.1344,0.0612,0.1448,-0.9639,0.2236,0.0290,0.2301,0.9727}}},
{t=0.3156,b={["Left Shoulder"]={0.3307,-0.0811,-0.0382,0.9470,0.2440,0.2088,-0.2400,0.9697,-0.0448,-0.2134,-0.0076,0.9769},["Right Shoulder"]={-0.4436,-0.0921,0.0954,0.3564,-0.8342,0.4209,0.6546,0.5444,0.5246,-0.6667,0.0886,0.7401},["Neck"]={-0.0000,0.0000,0.0000,0.9721,0.0759,0.2219,0.0211,0.9140,-0.4052,-0.2336,0.3986,0.8869},["Right Hip"]={-0.0178,0.0991,0.0925,0.9772,0.1941,-0.0857,-0.1497,0.9171,0.3694,0.1503,-0.3482,0.9253},["Left Hip"]={-0.2100,0.0216,-0.0056,0.8439,0.3387,0.4161,-0.2596,0.9365,-0.2359,-0.4696,0.0910,0.8782},["RootJoint"]={-0.0823,-0.2440,-0.1259,-0.9450,-0.2608,0.1973,0.3106,-0.9045,0.2922,0.1023,0.3375,0.9358}}},
{t=0.3662,b={["Left Shoulder"]={0.4390,-0.1038,-0.0577,0.9095,0.3387,0.2409,-0.3328,0.9407,-0.0658,-0.2489,-0.0204,0.9683},["Right Shoulder"]={-0.7528,0.0235,0.2208,0.2942,-0.9477,0.1238,0.7257,0.3059,0.6163,-0.6219,-0.0914,0.7777},["Neck"]={-0.0000,-0.0000,-0.0000,0.9633,0.1140,0.2429,0.0059,0.8961,-0.4439,-0.2682,0.4290,0.8625},["Right Hip"]={-0.0274,0.1311,0.1253,0.9694,0.2168,-0.1150,-0.1304,0.8519,0.5072,0.2079,-0.4767,0.8541},["Left Hip"]={-0.1882,-0.0053,-0.0441,0.7633,0.3894,0.5155,-0.2482,0.9135,-0.3225,-0.5965,0.1182,0.7939},["RootJoint"]={-0.0923,-0.3702,-0.1280,-0.8599,-0.4048,0.3111,0.4894,-0.8269,0.2769,0.1452,0.3904,0.9091}}},
{t=0.4183,b={["Left Shoulder"]={0.5107,-0.1194,-0.0819,0.8879,0.4008,0.2259,-0.4204,0.9063,0.0443,-0.1869,-0.1343,0.9732},["Right Shoulder"]={-0.6262,0.2477,0.2763,0.4697,-0.8788,-0.0846,0.7038,0.3148,0.6368,-0.5330,-0.3587,0.7664},["Neck"]={-0.0000,-0.0000,-0.0000,0.9441,0.3103,0.1112,-0.2292,0.8603,-0.4553,-0.2370,0.4044,0.8834},["Right Hip"]={-0.0377,0.1522,0.1502,0.9462,0.1087,-0.3049,0.0579,0.8698,0.4900,0.3184,-0.4812,0.8167},["Left Hip"]={-0.1439,-0.0272,-0.0754,0.7317,0.3649,0.5757,-0.2178,0.9255,-0.3099,-0.6459,0.1013,0.7566},["RootJoint"]={-0.0199,-0.5962,-0.1280,-0.7148,-0.6152,0.3324,0.6804,-0.7216,0.1276,0.1613,0.3174,0.9345}}},
{t=0.4724,b={["Left Shoulder"]={0.5377,-0.1273,-0.1115,0.8785,0.4114,0.2428,-0.4684,0.8418,0.2684,-0.0939,-0.3495,0.9322},["Right Shoulder"]={-0.3872,0.3805,0.5650,0.6747,-0.5796,-0.4569,0.6851,0.2615,0.6799,-0.2746,-0.7718,0.5736},["Neck"]={0.0000,-0.0000,0.0000,0.8595,0.5107,-0.0190,-0.4722,0.7794,-0.4119,-0.1955,0.3630,0.9111},["Right Hip"]={-0.0493,0.1603,0.1657,0.8894,-0.0165,-0.4569,0.2254,0.8852,0.4070,0.3977,-0.4649,0.7910},["Left Hip"]={-0.0675,-0.0366,-0.0889,0.7523,0.1886,0.6312,-0.0919,0.9788,-0.1830,-0.6524,0.0797,0.7537},["RootJoint"]={0.0525,-0.7798,-0.1280,-0.2695,-0.9257,0.2653,0.9472,-0.3045,-0.1005,0.1738,0.2242,0.9589}}},
{t=0.5349,b={["Left Shoulder"]={0.2981,-0.0789,-0.1335,0.6898,-0.3189,0.6500,-0.0499,0.8747,0.4821,-0.7223,-0.3650,0.5874},["Right Shoulder"]={-1.1121,0.2813,0.2001,0.3966,0.5693,-0.7202,0.9150,-0.3085,0.2600,-0.0742,-0.7621,-0.6432},["Neck"]={0.0000,-0.0000,0.0000,0.8440,0.5347,0.0421,-0.4882,0.7985,-0.3522,-0.2220,0.2767,0.9350},["Right Hip"]={-0.0605,-0.0131,0.1889,0.8710,0.2584,-0.4177,-0.1715,0.9569,0.2343,0.4603,-0.1324,0.8778},["Left Hip"]={0.0891,0.1445,0.0386,0.8365,-0.4640,0.2916,0.3076,0.8379,0.4509,-0.4535,-0.2875,0.8436},["RootJoint"]={0.0525,-0.7949,-0.1621,0.8012,-0.5965,-0.0483,0.5925,0.7793,0.2039,-0.0840,-0.1920,0.9778}}},
{t=0.5880,b={["Left Shoulder"]={0.0639,-0.0797,-0.1382,0.9152,-0.1938,0.3532,0.0046,0.8817,0.4718,-0.4029,-0.4301,0.8079},["Right Shoulder"]={-0.8760,0.1441,0.0819,0.3421,0.5439,-0.7662,0.8648,-0.5013,0.0303,-0.3676,-0.6730,-0.6418},["Neck"]={-0.0000,0.0000,-0.0000,0.8894,0.4179,0.1853,-0.3677,0.8948,-0.2532,-0.2716,0.1571,0.9495},["Right Hip"]={0.1587,0.2565,0.2621,0.9307,0.0516,-0.3621,0.0158,0.9834,0.1809,0.3654,-0.1741,0.9144},["Left Hip"]={-0.0832,0.0673,0.0299,0.8681,-0.4723,0.1526,0.4273,0.8676,0.2544,-0.2525,-0.1556,0.9550},["RootJoint"]={0.0525,-0.7239,-0.2784,0.9336,-0.3533,-0.0596,0.3572,0.9310,0.0755,0.0288,-0.0918,0.9954}}},
{t=0.6498,b={["Left Shoulder"]={-0.0710,-0.0895,-0.1385,0.9668,0.1124,-0.2297,-0.0116,0.9166,0.3997,0.2555,-0.3838,0.8874},["Right Shoulder"]={-0.7357,-0.0528,0.0579,0.3187,0.4912,-0.8106,0.8429,-0.5381,0.0053,-0.4336,-0.6849,-0.5855},["Neck"]={0.0000,0.0000,-0.0000,0.9291,0.2787,0.2433,-0.2638,0.9601,-0.0925,-0.2594,0.0217,0.9655},["Right Hip"]={0.3390,0.3765,0.2855,0.9214,-0.1750,-0.3470,0.2305,0.9650,0.1254,0.3129,-0.1956,0.9294},["Left Hip"]={-0.1614,0.0370,0.0263,0.8770,-0.4523,0.1622,0.4306,0.8896,0.1522,-0.2132,-0.0636,0.9749},["RootJoint"]={0.0525,-0.6012,-0.3132,0.9436,-0.3263,-0.0561,0.3226,0.9442,-0.0661,0.0745,0.0442,0.9962}}},
{t=0.7006,b={["Left Shoulder"]={-0.0672,-0.1193,-0.1497,0.9520,0.2397,-0.1904,-0.1567,0.9159,0.3694,0.2629,-0.3219,0.9095},["Right Shoulder"]={-0.7286,-0.0818,0.0364,0.3253,0.4917,-0.8077,0.8675,-0.4950,0.0480,-0.3763,-0.7164,-0.5876},["Neck"]={0.0000,0.0000,0.0000,0.9470,0.2300,0.2242,-0.2341,0.9722,-0.0085,-0.2199,-0.0444,0.9745},["Right Hip"]={0.3865,0.3522,0.2844,0.8933,-0.2545,-0.3704,0.3021,0.9503,0.0755,0.3328,-0.1793,0.9258},["Left Hip"]={-0.1514,0.0591,0.0285,0.8912,-0.4113,0.1911,0.3890,0.9099,0.1441,-0.2332,-0.0540,0.9709},["RootJoint"]={0.0525,-0.5214,-0.3048,0.9541,-0.2967,-0.0409,0.2906,0.9501,-0.1137,0.0725,0.0966,0.9927}}},
{t=0.7671,b={["Left Shoulder"]={-0.0608,-0.1824,-0.1795,0.9243,0.3708,-0.0903,-0.3254,0.8893,0.3212,0.1994,-0.2675,0.9427},["Right Shoulder"]={-0.6946,-0.0931,0.0249,0.3363,0.4934,-0.8022,0.9012,-0.4158,0.1221,-0.2733,-0.7640,-0.5845},["Neck"]={0.0000,0.0000,-0.0000,0.9637,0.1994,0.1777,-0.2122,0.9756,0.0559,-0.1622,-0.0916,0.9825},["Right Hip"]={0.4181,0.3102,0.2824,0.8600,-0.3111,-0.4045,0.3439,0.9390,0.0089,0.3770,-0.1468,0.9145},["Left Hip"]={-0.1341,0.0974,0.0322,0.9093,-0.3407,0.2389,0.3157,0.9389,0.1375,-0.2712,-0.0496,0.9613},["RootJoint"]={0.0525,-0.4429,-0.2904,0.9682,-0.2491,-0.0243,0.2432,0.9592,-0.1440,0.0592,0.1335,0.9893}}},
{t=0.8181,b={["Left Shoulder"]={-0.0565,-0.2358,-0.2063,0.8940,0.4480,-0.0074,-0.4286,0.8598,0.2777,0.1307,-0.2451,0.9606},["Right Shoulder"]={-0.6525,-0.1024,0.0207,0.3446,0.4956,-0.7973,0.9194,-0.3498,0.1799,-0.1898,-0.7950,-0.5761},["Neck"]={0.0000,0.0000,-0.0000,0.9718,0.1911,0.1381,-0.2037,0.9755,0.0833,-0.1188,-0.1091,0.9869},["Right Hip"]={0.4284,0.2771,0.2809,0.8391,-0.3335,-0.4297,0.3524,0.9351,-0.0377,0.4144,-0.1198,0.9022},["Left Hip"]={-0.1204,0.1276,0.0352,0.9182,-0.2841,0.2759,0.2564,0.9574,0.1326,-0.3019,-0.0511,0.9520},["RootJoint"]={0.0525,-0.3984,-0.2789,0.9771,-0.2124,-0.0138,0.2079,0.9661,-0.1531,0.0458,0.1467,0.9881}}},
{t=0.8841,b={["Left Shoulder"]={-0.0544,-0.2652,-0.2214,0.8751,0.4824,0.0374,-0.4754,0.8428,0.2526,0.0904,-0.2388,0.9669},["Right Shoulder"]={-0.6264,-0.1075,0.0196,0.3488,0.4970,-0.7946,0.9259,-0.3137,0.2103,-0.1447,-0.8091,-0.5696},["Neck"]={-0.0000,0.0000,-0.0000,0.9748,0.1904,0.1165,-0.2015,0.9751,0.0923,-0.0960,-0.1135,0.9889},["Right Hip"]={0.4304,0.2594,0.2801,0.8294,-0.3403,-0.4430,0.3509,0.9344,-0.0610,0.4347,-0.1048,0.8944},["Left Hip"]={-0.1131,0.1437,0.0368,0.9211,-0.2536,0.2954,0.2243,0.9658,0.1298,-0.3183,-0.0533,0.9465},["RootJoint"]={0.0525,-0.3788,-0.2728,0.9811,-0.1931,-0.0087,0.1895,0.9697,-0.1543,0.0382,0.1498,0.9880}}},
{t=0.9486,b={["Left Shoulder"]={-0.0544,-0.2652,-0.2214,0.8751,0.4824,0.0374,-0.4754,0.8428,0.2526,0.0904,-0.2388,0.9669},["Right Shoulder"]={-0.6264,-0.1075,0.0196,0.3488,0.4970,-0.7946,0.9259,-0.3137,0.2103,-0.1447,-0.8091,-0.5696},["Neck"]={-0.0000,0.0000,-0.0000,0.9748,0.1904,0.1165,-0.2015,0.9751,0.0923,-0.0960,-0.1135,0.9889},["Right Hip"]={0.4304,0.2594,0.2801,0.8294,-0.3403,-0.4430,0.3509,0.9344,-0.0610,0.4347,-0.1048,0.8944},["Left Hip"]={-0.1131,0.1437,0.0368,0.9211,-0.2536,0.2954,0.2243,0.9658,0.1298,-0.3183,-0.0533,0.9465},["RootJoint"]={0.0525,-0.3788,-0.2728,0.9811,-0.1931,-0.0087,0.1895,0.9697,-0.1543,0.0382,0.1498,0.9880}}},
}
local aS=c:FindFirstChild('Animate') if aS then aS.Disabled=true end
local an=nil if h then an=h:FindFirstChildOfClass('Animator') if an then for _,t in pairs(an:GetPlayingAnimationTracks()) do t:Stop(0) end end end
local m={} for _,v in pairs(c:GetDescendants()) do if v:IsA('Motor6D') then m[v.Name]=v end end
local sT=os.clock() local tD=fd[#fd].t if tD<=0 then tD=1 end
local done=false local cn cn=R.Stepped:Connect(function()
if done then return end if an then for _,t in pairs(an:GetPlayingAnimationTracks()) do t:Stop(0) end end
local e=os.clock()-sT
if e>=tD then done=true cn:Disconnect() if aS then aS.Disabled=false end return end
local pf,nf=fd[1],fd[#fd] for i=1,#fd-1 do if fd[i].t<=e and fd[i+1].t>=e then pf=fd[i] nf=fd[i+1] break end end
local sp=nf.t-pf.t local al=sp>0 and(e-pf.t)/sp or 0
for k,motor in pairs(m) do local pd,nd=pf.b[k],nf.b[k] if pd and nd then motor.Transform=tCF(pd):Lerp(tCF(nd),al) elseif pd then motor.Transform=tCF(pd) elseif nd then motor.Transform=tCF(nd) end end
end)
return nil