local P=game:GetService('Players') local R=game:GetService('RunService')
local pl=P.LocalPlayer local c=pl.Character or pl.CharacterAdded:Wait()
local h=c:FindFirstChildOfClass('Humanoid')
local function tCF(d) return CFrame.new(d[1],d[2],d[3],d[4],d[5],d[6],d[7],d[8],d[9],d[10],d[11],d[12]) end
local fd={
{t=0.0000,b={["Left Shoulder"]={-0.0238,-0.1456,-0.0068,-0.4168,0.9025,-0.1084,-0.3827,-0.0661,0.9215,0.8245,0.4255,0.3729},["Right Shoulder"]={-0.0234,-0.2682,-0.0107,-0.1427,-0.9397,0.3107,0.7751,0.0891,0.6255,-0.6155,0.3301,0.7157},["Neck"]={0.0000,0.0000,0.0000,0.9955,-0.0451,-0.0830,0.0035,0.8961,-0.4439,0.0944,0.4416,0.8922},["Right Hip"]={0.1356,-0.1279,-0.1088,0.6990,-0.0823,-0.7104,-0.2752,0.8859,-0.3735,0.6600,0.4566,0.5965},["Left Hip"]={-0.2305,0.9296,0.0280,0.9210,0.3406,0.1889,-0.3470,0.4974,0.7951,0.1768,-0.7979,0.5763},["RootJoint"]={-0.2866,0.3177,-0.4535,0.1299,0.9106,-0.3923,-0.7786,-0.1513,-0.6091,-0.6140,0.3845,0.6893}}},
{t=0.0695,b={["Left Shoulder"]={0.0281,-0.1265,-0.0706,0.0534,0.9647,0.2577,-0.2765,-0.2337,0.9321,0.9595,-0.1210,0.2543},["Right Shoulder"]={-0.0162,-0.2284,0.0745,0.2404,-0.9703,-0.0251,0.5728,0.1209,0.8107,-0.7836,-0.2093,0.5849},["Neck"]={-0.0000,0.0000,-0.0000,0.9750,0.1294,-0.1807,-0.2131,0.7749,-0.5950,0.0631,0.6187,0.7831},["Right Hip"]={0.5620,0.1113,-0.1884,0.8488,-0.4202,-0.3209,0.3472,0.9007,-0.2610,0.3987,0.1101,0.9104},["Left Hip"]={0.0579,0.6670,0.1543,0.9374,-0.3360,0.0912,0.0787,0.4596,0.8847,-0.3392,-0.8221,0.4572},["RootJoint"]={-0.3628,0.1159,-0.0118,-0.5277,0.6371,-0.5618,-0.2735,-0.7536,-0.5977,-0.8042,-0.1618,0.5720}}},
{t=0.1333,b={["Left Shoulder"]={0.1429,-0.0562,-0.1257,0.5102,0.7139,0.4796,-0.3714,-0.3201,0.8715,0.7757,-0.6228,0.1018},["Right Shoulder"]={-0.0761,-0.2022,0.1211,0.6241,-0.6941,-0.3588,0.4358,-0.0719,0.8972,-0.6485,-0.7163,0.2576},["Neck"]={0.0000,-0.0000,0.0000,0.9684,0.1349,-0.2098,-0.2469,0.6385,-0.7290,0.0356,0.7577,0.6516},["Right Hip"]={0.4952,0.5112,-0.0255,0.2543,-0.8808,-0.3994,0.9670,0.2237,0.1223,-0.0183,-0.4173,0.9086},["Left Hip"]={-0.0074,0.4977,0.1579,0.7336,-0.6789,-0.0309,0.3404,0.3278,0.8813,-0.5882,-0.6570,0.4716},["RootJoint"]={-0.3958,-0.0599,0.5637,-0.6336,0.2549,-0.7305,0.3954,-0.7050,-0.5888,-0.6651,-0.6619,0.3459}}},
{t=0.1901,b={["Left Shoulder"]={0.2414,-0.0263,-0.1385,0.6570,0.5273,0.5388,-0.5012,-0.2285,0.8346,0.5632,-0.8184,0.1141},["Right Shoulder"]={-0.2082,-0.1871,0.0793,0.8185,-0.3713,-0.4384,0.4246,-0.1232,0.8970,-0.3871,-0.9203,0.0568},["Neck"]={0.0000,-0.0000,0.0000,0.9747,0.0395,-0.2198,-0.2081,0.5181,-0.8296,0.0811,0.8544,0.5133},["Right Hip"]={0.2300,0.5197,0.3565,0.1338,-0.8739,-0.4674,0.9750,0.0316,0.2199,-0.1774,-0.4851,0.8563},["Left Hip"]={-0.3594,0.4572,0.0466,0.7146,-0.6892,-0.1201,0.4296,0.2969,0.8528,-0.5521,-0.6610,0.5082},["RootJoint"]={-0.3738,-0.1527,0.2065,-0.4742,0.2135,-0.8541,0.7505,-0.4092,-0.5190,-0.4603,-0.8871,0.0339}}},
{t=0.2525,b={["Left Shoulder"]={0.0408,0.0979,-0.0859,0.6107,0.6512,0.4505,-0.4419,-0.1918,0.8763,0.6571,-0.7343,0.1707},["Right Shoulder"]={-0.3879,-0.1480,-0.4347,0.7328,-0.3865,-0.5600,0.5638,-0.1159,0.8177,-0.3809,-0.9150,0.1330},["Neck"]={-0.0000,0.0000,0.0000,0.8804,0.4142,-0.2310,-0.4378,0.5227,-0.7315,-0.1823,0.7452,0.6415},["Right Hip"]={0.0396,0.5936,0.3391,0.5357,-0.7801,-0.3232,0.6857,0.1786,0.7056,-0.4927,-0.5996,0.6306},["Left Hip"]={-0.5407,0.8148,0.0929,0.7223,-0.6864,0.0847,0.3024,0.4236,0.8539,-0.6220,-0.5911,0.5135},["RootJoint"]={-0.3301,-0.0481,-0.9951,0.0570,-0.2139,-0.9752,0.9641,0.2656,-0.0019,0.2595,-0.9401,0.2213}}},
{t=0.3058,b={["Left Shoulder"]={-0.2592,0.1985,-0.1280,0.5371,0.8415,0.0580,-0.6836,0.3939,0.6144,0.4942,-0.3696,0.7868},["Right Shoulder"]={-0.3331,-0.1405,-0.3907,0.9424,-0.0979,-0.3199,0.3013,0.6636,0.6847,0.1453,-0.7416,0.6549},["Neck"]={0.0000,-0.0000,-0.0000,0.8780,0.4465,-0.1724,-0.4614,0.6937,-0.5531,-0.1274,0.5651,0.8151},["Right Hip"]={0.2239,0.5630,0.1250,0.9647,-0.2630,0.0089,0.2180,0.8177,0.5327,-0.1474,-0.5120,0.8462},["Left Hip"]={-0.1013,0.5396,0.0960,0.6948,-0.5918,0.4087,0.4108,0.7929,0.4500,-0.5904,-0.1448,0.7940},["RootJoint"]={-0.1900,0.1005,-1.0849,0.8748,-0.3018,-0.3791,0.4078,0.8811,0.2394,0.2618,-0.3640,0.8939}}},
{t=0.3680,b={["Left Shoulder"]={-0.0000,-0.0152,0.0000,0.9993,0.0343,-0.0125,-0.0343,0.9994,0.0012,0.0125,-0.0008,0.9999},["Right Shoulder"]={-0.0000,-0.0038,0.0000,0.9993,-0.0373,0.0050,0.0373,0.9993,0.0000,-0.0050,0.0002,1.0000},["Neck"]={-0.0000,-0.0000,0.0000,1.0000,-0.0019,-0.0000,0.0019,1.0000,-0.0023,0.0000,0.0023,1.0000},["Right Hip"]={0.0000,0.0072,0.0000,1.0000,-0.0012,0.0000,0.0012,1.0000,0.0000,-0.0000,-0.0000,1.0000},["Left Hip"]={-0.0000,0.0090,-0.0000,1.0000,-0.0000,0.0000,0.0000,1.0000,0.0043,-0.0000,-0.0043,1.0000},["RootJoint"]={-0.0000,0.0000,-0.0097,1.0000,0.0000,-0.0000,0.0000,1.0000,0.0000,0.0000,-0.0000,1.0000}}},
{t=0.4356,b={["Left Shoulder"]={0.0000,0.0000,0.0000,0.9894,0.1453,-0.0000,-0.1453,0.9894,-0.0000,0.0000,0.0000,1.0000},["Right Shoulder"]={-0.0000,-0.0000,0.0000,0.9878,-0.1557,-0.0000,0.1557,0.9878,0.0000,0.0000,-0.0000,1.0000},["Neck"]={0.0000,0.0000,0.0000,1.0000,0.0000,0.0000,0.0000,1.0000,0.0000,0.0000,0.0000,1.0000},["Right Hip"]={0.0000,-0.0000,-0.0000,1.0000,-0.0055,-0.0000,0.0055,1.0000,-0.0000,0.0000,0.0000,1.0000},["Left Hip"]={0.0000,-0.0000,-0.0000,1.0000,-0.0000,-0.0000,0.0000,0.9998,0.0199,-0.0000,-0.0199,0.9998},["RootJoint"]={0.0000,0.0000,0.0000,1.0000,0.0000,0.0000,0.0000,1.0000,0.0000,0.0000,0.0000,1.0000}}},
{t=0.5019,b={["Left Shoulder"]={0.0000,0.0000,0.0000,0.9739,0.2271,-0.0000,-0.2271,0.9739,-0.0000,0.0000,0.0000,1.0000},["Right Shoulder"]={-0.0000,-0.0000,0.0000,0.9700,-0.2431,-0.0000,0.2431,0.9700,0.0000,0.0000,-0.0000,1.0000},["Neck"]={0.0000,0.0000,0.0000,1.0000,0.0000,0.0000,0.0000,1.0000,0.0000,0.0000,0.0000,1.0000},["Right Hip"]={0.0000,-0.0000,-0.0000,1.0000,-0.0086,-0.0000,0.0086,1.0000,-0.0000,0.0000,0.0000,1.0000},["Left Hip"]={0.0000,-0.0000,-0.0000,1.0000,-0.0000,-0.0000,0.0000,0.9995,0.0313,-0.0000,-0.0313,0.9995},["RootJoint"]={0.0000,0.0000,0.0000,1.0000,0.0000,0.0000,0.0000,1.0000,0.0000,0.0000,0.0000,1.0000}}},
{t=0.5659,b={["Left Shoulder"]={0.0000,0.0000,0.0000,0.9516,0.3073,-0.0000,-0.3073,0.9516,-0.0000,0.0000,0.0000,1.0000},["Right Shoulder"]={-0.0000,-0.0000,0.0000,0.9444,-0.3287,-0.0000,0.3287,0.9444,0.0000,0.0000,-0.0000,1.0000},["Neck"]={0.0000,0.0000,0.0000,1.0000,0.0000,0.0000,0.0000,1.0000,0.0000,0.0000,0.0000,1.0000},["Right Hip"]={0.0000,-0.0000,-0.0000,0.9999,-0.0117,-0.0000,0.0117,0.9999,-0.0000,0.0000,0.0000,1.0000},["Left Hip"]={0.0000,-0.0000,-0.0000,1.0000,-0.0000,-0.0000,0.0000,0.9991,0.0426,-0.0000,-0.0426,0.9991},["RootJoint"]={0.0000,0.0000,0.0000,1.0000,0.0000,0.0000,0.0000,1.0000,0.0000,0.0000,0.0000,1.0000}}},
{t=0.6199,b={["Left Shoulder"]={0.0000,0.0000,0.0000,0.9306,0.3662,-0.0000,-0.3662,0.9306,-0.0000,0.0000,0.0000,1.0000},["Right Shoulder"]={-0.0000,-0.0000,0.0000,0.9203,-0.3912,-0.0000,0.3912,0.9203,0.0000,0.0000,-0.0000,1.0000},["Neck"]={0.0000,0.0000,0.0000,1.0000,0.0000,0.0000,0.0000,1.0000,0.0000,0.0000,0.0000,1.0000},["Right Hip"]={0.0000,-0.0000,-0.0000,0.9999,-0.0140,-0.0000,0.0140,0.9999,-0.0000,0.0000,0.0000,1.0000},["Left Hip"]={0.0000,-0.0000,-0.0000,1.0000,-0.0000,-0.0000,0.0000,0.9987,0.0512,-0.0000,-0.0512,0.9987},["RootJoint"]={0.0000,0.0000,0.0000,1.0000,0.0000,0.0000,0.0000,1.0000,0.0000,0.0000,0.0000,1.0000}}},
{t=0.6830,b={["Left Shoulder"]={0.0000,0.0000,0.0000,0.8969,0.4423,-0.0000,-0.4423,0.8969,-0.0000,0.0000,0.0000,1.0000},["Right Shoulder"]={-0.0000,-0.0000,0.0000,0.8818,-0.4717,-0.0000,0.4717,0.8818,0.0000,0.0000,-0.0000,1.0000},["Neck"]={0.0000,0.0000,0.0000,1.0000,0.0000,0.0000,0.0000,1.0000,0.0000,0.0000,0.0000,1.0000},["Right Hip"]={0.0000,-0.0000,-0.0000,0.9999,-0.0172,-0.0000,0.0172,0.9999,-0.0000,0.0000,0.0000,1.0000},["Left Hip"]={0.0000,-0.0000,-0.0000,1.0000,-0.0000,-0.0000,0.0000,0.9980,0.0625,-0.0000,-0.0625,0.9980},["RootJoint"]={0.0000,0.0000,0.0000,1.0000,0.0000,0.0000,0.0000,1.0000,0.0000,0.0000,0.0000,1.0000}}},
{t=0.7507,b={["Left Shoulder"]={0.0000,0.0000,0.0000,0.8569,0.5154,-0.0000,-0.5154,0.8569,-0.0000,0.0000,0.0000,1.0000},["Right Shoulder"]={-0.0000,-0.0000,0.0000,0.8362,-0.5485,-0.0000,0.5485,0.8362,0.0000,0.0000,-0.0000,1.0000},["Neck"]={0.0000,0.0000,0.0000,1.0000,0.0000,0.0000,0.0000,1.0000,0.0000,0.0000,0.0000,1.0000},["Right Hip"]={0.0000,-0.0000,-0.0000,0.9998,-0.0203,-0.0000,0.0203,0.9998,-0.0000,0.0000,0.0000,1.0000},["Left Hip"]={0.0000,-0.0000,-0.0000,1.0000,-0.0000,-0.0000,0.0000,0.9973,0.0739,-0.0000,-0.0739,0.9973},["RootJoint"]={0.0000,0.0000,0.0000,1.0000,0.0000,0.0000,0.0000,1.0000,0.0000,0.0000,0.0000,1.0000}}},
}
local aS=c:FindFirstChild('Animate') if aS then aS.Disabled=true end
local an=nil if h then an=h:FindFirstChildOfClass('Animator') if an then for _,t in pairs(an:GetPlayingAnimationTracks()) do t:Stop(0) end end end
local m={} for _,v in pairs(c:GetDescendants()) do if v:IsA('Motor6D') then m[v.Name]=v end end
local sT=os.clock() local tD=fd[#fd].t if tD<=0 then tD=1 end
local done=false local cn cn=R.Stepped:Connect(function()
if done then return end if an then for _,t in pairs(an:GetPlayingAnimationTracks()) do t:Stop(0) end end
local e=os.clock()-sT
if e>=tD then done=true cn:Disconnect() if aS then aS.Disabled=false end return end
local pf,nf=fd[1],fd[#fd] for i=1,#fd-1 do if fd[i].t<=e and fd[i+1].t>=e then pf=fd[i] nf=fd[i+1] break end end
local sp=nf.t-pf.t local al=sp>0 and(e-pf.t)/sp or 0
for k,motor in pairs(m) do local pd,nd=pf.b[k],nf.b[k] if pd and nd then motor.Transform=tCF(pd):Lerp(tCF(nd),al) elseif pd then motor.Transform=tCF(pd) elseif nd then motor.Transform=tCF(nd) end end
end)
return nil