local P=game:GetService('Players') local R=game:GetService('RunService')
local pl=P.LocalPlayer local c=pl.Character or pl.CharacterAdded:Wait()
local h=c:FindFirstChildOfClass('Humanoid')
local function tCF(d) return CFrame.new(d[1],d[2],d[3],d[4],d[5],d[6],d[7],d[8],d[9],d[10],d[11],d[12]) end
local fd={
{t=0.0000,b={["Left Shoulder"]={1.1954,-0.5761,0.0096,-0.4427,0.6151,0.6525,-0.8776,-0.4464,-0.1746,0.1839,-0.6499,0.7374},["Right Shoulder"]={0.9196,-0.5137,0.3581,0.2488,-0.8373,-0.4868,0.2659,-0.4243,0.8656,-0.9313,-0.3448,0.1170},["Neck"]={0.0000,-0.0000,-0.0000,0.7107,-0.7007,-0.0621,0.6877,0.6735,0.2709,-0.1480,-0.2352,0.9606},["Right Hip"]={0.0000,-0.0000,-0.0000,0.9991,-0.0423,-0.0000,0.0423,0.9991,0.0000,0.0000,-0.0000,1.0000},["Left Hip"]={-0.0000,0.0000,0.0000,0.9998,-0.0217,0.0000,0.0217,0.9998,0.0000,-0.0000,-0.0000,1.0000},["RootJoint"]={0.0000,0.0000,0.0000,0.9495,-0.0936,0.2994,0.2194,0.8803,-0.4206,-0.2242,0.4651,0.8564}}},
{t=0.0657,b={["Left Shoulder"]={-0.6923,-0.1133,0.9047,-0.3023,0.7344,0.6077,-0.9527,-0.2536,-0.1674,0.0312,-0.6295,0.7763},["Right Shoulder"]={0.2560,-0.1504,0.8462,-0.6823,-0.5862,-0.4368,-0.2330,-0.3919,0.8900,-0.6929,0.7090,0.1308},["Neck"]={0.0000,-0.0000,-0.0000,0.3199,-0.9460,-0.0525,0.9207,0.2974,0.2527,-0.2234,-0.1292,0.9661},["Right Hip"]={0.0000,-0.0000,-0.0000,0.9995,-0.0330,-0.0000,0.0330,0.9995,0.0000,0.0000,-0.0000,1.0000},["Left Hip"]={-0.0000,0.0000,0.0000,0.9999,-0.0170,0.0000,0.0170,0.9999,0.0000,-0.0000,-0.0000,1.0000},["RootJoint"]={0.5401,0.0147,0.1074,0.0910,0.9714,-0.2194,-0.9952,0.0808,-0.0548,-0.0355,0.2233,0.9741}}},
{t=0.1196,b={["Left Shoulder"]={-0.6717,-0.3538,0.2252,-0.4187,0.7808,0.4637,-0.9040,-0.4070,-0.1309,0.0865,-0.4740,0.8763},["Right Shoulder"]={0.2209,-0.1689,0.6896,-0.5672,-0.7761,-0.2756,0.0117,-0.3422,0.9396,-0.8235,0.5297,0.2031},["Neck"]={0.0000,-0.0000,-0.0000,0.4260,-0.9047,0.0076,0.8957,0.4229,0.1373,-0.1274,-0.0517,0.9905},["Right Hip"]={0.0000,0.0003,-0.0000,0.9999,-0.0170,-0.0000,0.0170,0.9999,0.0000,0.0000,-0.0000,1.0000},["Left Hip"]={-0.0000,0.0004,0.0000,1.0000,-0.0087,0.0000,0.0087,1.0000,0.0000,-0.0000,-0.0000,1.0000},["RootJoint"]={0.4089,0.0147,0.1074,0.2378,0.9358,-0.2605,-0.9713,0.2290,-0.0639,-0.0002,0.2682,0.9634}}},
{t=0.1823,b={["Left Shoulder"]={-0.2541,-0.6449,0.0250,-0.4742,0.7892,0.3902,-0.8742,-0.4745,-0.1026,0.1042,-0.3898,0.9150},["Right Shoulder"]={0.1805,-0.1902,0.5090,-0.3495,-0.9303,-0.1113,0.2733,-0.2148,0.9376,-0.8962,0.2973,0.3294},["Neck"]={0.0000,-0.0000,-0.0000,0.5435,-0.8372,0.0605,0.8390,0.5440,-0.0092,-0.0252,0.0558,0.9981},["Right Hip"]={0.0000,0.0027,-0.0000,1.0000,-0.0007,-0.0000,0.0007,1.0000,0.0000,0.0000,-0.0000,1.0000},["Left Hip"]={-0.0000,0.0033,0.0000,1.0000,-0.0004,0.0000,0.0004,1.0000,0.0000,-0.0000,-0.0000,1.0000},["RootJoint"]={0.3151,0.0147,0.1074,0.3408,0.9308,-0.1319,-0.9400,0.3399,-0.0298,0.0171,0.1341,0.9908}}},
{t=0.2332,b={["Left Shoulder"]={-0.1268,-0.6406,-0.0252,-0.3080,0.8822,0.3563,-0.9492,-0.3105,-0.0517,0.0650,-0.3541,0.9329},["Right Shoulder"]={0.1509,-0.1732,0.4096,-0.1244,-0.9918,0.0291,0.4446,-0.0295,0.8952,-0.8870,0.1242,0.4446},["Neck"]={-0.0000,-0.0000,-0.0000,0.6561,-0.7522,0.0614,0.7547,0.6544,-0.0476,-0.0044,0.0776,0.9970},["Right Hip"]={0.0000,0.0069,-0.0000,1.0000,0.0000,-0.0000,-0.0000,1.0000,0.0000,0.0000,-0.0000,1.0000},["Left Hip"]={-0.0000,0.0086,0.0000,1.0000,-0.0000,0.0000,0.0000,1.0000,0.0000,-0.0000,-0.0000,1.0000},["RootJoint"]={0.2579,0.0130,0.0944,0.4833,0.8711,-0.0868,-0.8751,0.4834,-0.0219,0.0229,0.0865,0.9960}}},
{t=0.2982,b={["Left Shoulder"]={-0.0951,-0.4766,-0.0189,0.1476,0.9445,0.2933,-0.9889,0.1459,0.0279,-0.0165,-0.2942,0.9556},["Right Shoulder"]={0.1132,-0.1279,0.3072,0.2676,-0.9419,0.2033,0.5835,0.3263,0.7437,-0.7668,-0.0804,0.6369},["Neck"]={-0.0000,-0.0000,0.0000,0.8020,-0.5959,0.0419,0.5973,0.8011,-0.0392,-0.0102,0.0565,0.9984},["Right Hip"]={0.0000,0.0112,-0.0000,1.0000,0.0000,-0.0000,-0.0000,1.0000,0.0000,0.0000,-0.0000,1.0000},["Left Hip"]={-0.0000,0.0139,0.0000,1.0000,-0.0000,0.0000,0.0000,1.0000,0.0000,-0.0000,-0.0000,1.0000},["RootJoint"]={0.1934,0.0098,0.0666,0.6972,0.7140,-0.0636,-0.7164,0.6972,-0.0254,0.0262,0.0633,0.9976}}},
{t=0.3524,b={["Left Shoulder"]={-0.0714,-0.3548,-0.0142,0.5043,0.8356,0.2179,-0.8618,0.5030,0.0654,-0.0549,-0.2208,0.9738},["Right Shoulder"]={0.0849,-0.0949,0.2304,0.5741,-0.7761,0.2610,0.5666,0.6067,0.5576,-0.5911,-0.1722,0.7880},["Neck"]={-0.0000,0.0000,0.0000,0.8883,-0.4584,0.0285,0.4592,0.8879,-0.0299,-0.0116,0.0396,0.9991},["Right Hip"]={0.0000,0.0166,-0.0000,1.0000,0.0000,-0.0000,-0.0000,1.0000,0.0000,0.0000,-0.0000,1.0000},["Left Hip"]={-0.0000,0.0205,0.0000,1.0000,-0.0000,0.0000,0.0000,1.0000,0.0000,-0.0000,-0.0000,1.0000},["RootJoint"]={0.1451,0.0073,0.0426,0.8282,0.5585,-0.0457,-0.5599,0.8282,-0.0240,0.0245,0.0454,0.9987}}},
{t=0.4167,b={["Left Shoulder"]={-0.0396,-0.1963,-0.0079,0.8566,0.5054,0.1043,-0.5130,0.8558,0.0667,-0.0555,-0.1107,0.9923},["Right Shoulder"]={0.0472,-0.0528,0.1280,0.8758,-0.4355,0.2082,0.3738,0.8847,0.2783,-0.3054,-0.1659,0.9377},["Neck"]={0.0000,0.0000,-0.0000,0.9658,-0.2588,0.0136,0.2590,0.9658,-0.0153,-0.0091,0.0183,0.9998},["Right Hip"]={0.0000,0.0217,-0.0000,1.0000,0.0000,-0.0000,-0.0000,1.0000,0.0000,0.0000,-0.0000,1.0000},["Left Hip"]={-0.0000,0.0269,0.0000,1.0000,-0.0000,0.0000,0.0000,1.0000,0.0000,-0.0000,-0.0000,1.0000},["RootJoint"]={0.0806,0.0041,0.0089,0.9477,0.3184,-0.0233,-0.3188,0.9477,-0.0165,0.0168,0.0230,0.9996}}},
{t=0.4694,b={["Left Shoulder"]={-0.0139,-0.0725,-0.0028,0.9847,0.1724,0.0237,-0.1731,0.9844,0.0318,-0.0179,-0.0354,0.9992},["Right Shoulder"]={0.0165,-0.0205,0.0448,0.9859,-0.1439,0.0849,0.1368,0.9870,0.0844,-0.0960,-0.0716,0.9928},["Neck"]={-0.0000,-0.0000,-0.0000,0.9959,-0.0902,0.0041,0.0902,0.9959,-0.0029,-0.0038,0.0032,1.0000},["Right Hip"]={0.0000,0.0245,0.0000,1.0000,0.0000,0.0000,0.0000,1.0000,0.0000,0.0000,0.0000,1.0000},["Left Hip"]={0.0000,0.0303,0.0000,1.0000,0.0000,0.0000,0.0000,1.0000,0.0000,0.0000,0.0000,1.0000},["RootJoint"]={0.0282,0.0014,-0.0191,0.9938,0.1106,-0.0073,-0.1107,0.9938,-0.0065,0.0066,0.0073,1.0000}}},
{t=0.5357,b={["Left Shoulder"]={0.0000,-0.0108,0.0000,0.9999,0.0016,-0.0124,-0.0015,1.0000,0.0049,0.0124,-0.0049,0.9999},["Right Shoulder"]={-0.0000,-0.0049,0.0000,1.0000,-0.0063,0.0075,0.0063,1.0000,0.0031,-0.0075,-0.0031,1.0000},["Neck"]={0.0000,-0.0000,-0.0000,1.0000,-0.0006,-0.0000,0.0006,1.0000,0.0030,-0.0000,-0.0030,1.0000},["Right Hip"]={0.0000,0.0259,0.0000,1.0000,0.0000,0.0000,0.0000,1.0000,0.0000,0.0000,0.0000,1.0000},["Left Hip"]={0.0000,0.0321,0.0000,1.0000,0.0000,0.0000,0.0000,1.0000,0.0000,0.0000,0.0000,1.0000},["RootJoint"]={0.0000,0.0000,-0.0346,1.0000,0.0000,0.0000,0.0000,1.0000,0.0000,0.0000,0.0000,1.0000}}},
{t=0.5990,b={["Left Shoulder"]={0.0000,-0.0223,-0.0000,0.9998,0.0042,-0.0196,-0.0041,1.0000,0.0041,0.0197,-0.0040,0.9998},["Right Shoulder"]={0.0000,-0.0080,-0.0000,0.9999,-0.0086,0.0114,0.0086,1.0000,0.0011,-0.0114,-0.0010,0.9999},["Neck"]={-0.0000,-0.0000,0.0000,1.0000,-0.0021,-0.0000,0.0021,1.0000,-0.0002,0.0000,0.0002,1.0000},["Right Hip"]={0.0000,0.0246,0.0000,1.0000,0.0000,0.0000,0.0000,1.0000,0.0000,0.0000,0.0000,1.0000},["Left Hip"]={0.0000,0.0306,0.0000,1.0000,0.0000,0.0000,0.0000,1.0000,0.0000,0.0000,0.0000,1.0000},["RootJoint"]={0.0000,0.0000,-0.0330,1.0000,0.0000,0.0000,0.0000,1.0000,0.0000,0.0000,0.0000,1.0000}}},
{t=0.6495,b={["Left Shoulder"]={0.0000,-0.0267,0.0000,0.9997,0.0052,-0.0225,-0.0052,1.0000,0.0036,0.0225,-0.0035,0.9997},["Right Shoulder"]={0.0000,-0.0084,-0.0000,0.9999,-0.0089,0.0119,0.0089,1.0000,0.0006,-0.0119,-0.0005,0.9999},["Neck"]={0.0000,-0.0000,0.0000,1.0000,-0.0028,-0.0000,0.0028,1.0000,-0.0018,0.0000,0.0018,1.0000},["Right Hip"]={0.0000,0.0228,0.0000,1.0000,0.0000,0.0000,0.0000,1.0000,0.0000,0.0000,0.0000,1.0000},["Left Hip"]={0.0000,0.0283,0.0000,1.0000,0.0000,0.0000,0.0000,1.0000,0.0000,0.0000,0.0000,1.0000},["RootJoint"]={0.0000,0.0000,-0.0305,1.0000,0.0000,0.0000,0.0000,1.0000,0.0000,0.0000,0.0000,1.0000}}},
{t=0.7015,b={["Left Shoulder"]={-0.0000,-0.0308,0.0000,0.9997,0.0062,-0.0251,-0.0062,1.0000,0.0029,0.0251,-0.0028,0.9997},["Right Shoulder"]={-0.0000,-0.0085,0.0000,0.9999,-0.0087,0.0117,0.0087,1.0000,0.0001,-0.0117,-0.0000,0.9999},["Neck"]={0.0000,-0.0000,-0.0000,1.0000,-0.0036,0.0000,0.0036,1.0000,-0.0036,0.0000,0.0036,1.0000},["Right Hip"]={0.0000,0.0195,0.0000,1.0000,0.0000,0.0000,0.0000,1.0000,0.0000,0.0000,0.0000,1.0000},["Left Hip"]={0.0000,0.0241,0.0000,1.0000,0.0000,0.0000,0.0000,1.0000,0.0000,0.0000,0.0000,1.0000},["RootJoint"]={0.0000,0.0000,-0.0261,1.0000,0.0000,0.0000,0.0000,1.0000,0.0000,0.0000,0.0000,1.0000}}},
{t=0.7668,b={["Left Shoulder"]={0.0000,-0.0304,-0.0000,0.9997,0.0062,-0.0249,-0.0062,1.0000,0.0021,0.0249,-0.0020,0.9997},["Right Shoulder"]={0.0000,-0.0076,0.0000,0.9999,-0.0076,0.0101,0.0076,1.0000,-0.0001,-0.0101,0.0002,0.9999},["Neck"]={-0.0000,-0.0000,0.0000,1.0000,-0.0038,-0.0000,0.0038,1.0000,-0.0046,0.0000,0.0046,1.0000},["Right Hip"]={0.0000,0.0145,0.0000,1.0000,0.0000,0.0000,0.0000,1.0000,0.0000,0.0000,0.0000,1.0000},["Left Hip"]={0.0000,0.0180,0.0000,1.0000,0.0000,0.0000,0.0000,1.0000,0.0000,0.0000,0.0000,1.0000},["RootJoint"]={0.0000,0.0000,-0.0194,1.0000,0.0000,0.0000,0.0000,1.0000,0.0000,0.0000,0.0000,1.0000}}},
{t=0.8173,b={["Left Shoulder"]={-0.0000,-0.0270,-0.0000,0.9997,0.0057,-0.0232,-0.0056,1.0000,0.0015,0.0232,-0.0013,0.9997},["Right Shoulder"]={0.0000,-0.0064,0.0000,0.9999,-0.0063,0.0081,0.0063,1.0000,-0.0002,-0.0080,0.0002,1.0000},["Neck"]={-0.0000,-0.0000,0.0000,1.0000,-0.0035,-0.0000,0.0035,1.0000,-0.0046,0.0000,0.0046,1.0000},["Right Hip"]={0.0000,0.0100,0.0000,1.0000,0.0000,0.0000,0.0000,1.0000,0.0000,0.0000,0.0000,1.0000},["Left Hip"]={0.0000,0.0124,0.0000,1.0000,0.0000,0.0000,0.0000,1.0000,0.0000,0.0000,0.0000,1.0000},["RootJoint"]={0.0000,0.0000,-0.0134,1.0000,0.0000,0.0000,0.0000,1.0000,0.0000,0.0000,0.0000,1.0000}}},
{t=0.8699,b={["Left Shoulder"]={-0.0000,-0.0230,-0.0000,0.9998,0.0050,-0.0210,-0.0049,1.0000,0.0010,0.0210,-0.0009,0.9998},["Right Shoulder"]={0.0000,-0.0052,0.0000,1.0000,-0.0050,0.0062,0.0050,1.0000,-0.0001,-0.0062,0.0002,1.0000},["Neck"]={0.0000,-0.0000,0.0000,1.0000,-0.0029,-0.0000,0.0029,1.0000,-0.0043,0.0000,0.0043,1.0000},["Right Hip"]={0.0000,0.0067,0.0000,1.0000,0.0000,0.0000,0.0000,1.0000,0.0000,0.0000,0.0000,1.0000},["Left Hip"]={0.0000,0.0083,0.0000,1.0000,0.0000,0.0000,0.0000,1.0000,0.0000,0.0000,0.0000,1.0000},["RootJoint"]={0.0000,0.0000,-0.0089,1.0000,0.0000,0.0000,0.0000,1.0000,0.0000,0.0000,0.0000,1.0000}}},
}
local aS=c:FindFirstChild('Animate') if aS then aS.Disabled=true end
local an=nil if h then an=h:FindFirstChildOfClass('Animator') if an then for _,t in pairs(an:GetPlayingAnimationTracks()) do t:Stop(0) end end end
local m={} for _,v in pairs(c:GetDescendants()) do if v:IsA('Motor6D') then m[v.Name]=v end end
local sT=os.clock() local tD=fd[#fd].t if tD<=0 then tD=1 end
local done=false local cn cn=R.Stepped:Connect(function()
if done then return end if an then for _,t in pairs(an:GetPlayingAnimationTracks()) do t:Stop(0) end end
local e=os.clock()-sT
if e>=tD then done=true cn:Disconnect() if aS then aS.Disabled=false end return end
local pf,nf=fd[1],fd[#fd] for i=1,#fd-1 do if fd[i].t<=e and fd[i+1].t>=e then pf=fd[i] nf=fd[i+1] break end end
local sp=nf.t-pf.t local al=sp>0 and(e-pf.t)/sp or 0
for k,motor in pairs(m) do local pd,nd=pf.b[k],nf.b[k] if pd and nd then motor.Transform=tCF(pd):Lerp(tCF(nd),al) elseif pd then motor.Transform=tCF(pd) elseif nd then motor.Transform=tCF(nd) end end
end)
return nil