local P=game:GetService('Players') local R=game:GetService('RunService')
local pl=P.LocalPlayer local c=pl.Character or pl.CharacterAdded:Wait()
local h=c:FindFirstChildOfClass('Humanoid')
local function tCF(d) return CFrame.new(d[1],d[2],d[3],d[4],d[5],d[6],d[7],d[8],d[9],d[10],d[11],d[12]) end
local fd={
{t=0.0000,b={["Left Shoulder"]={0.5822,0.0182,0.6419,0.6068,0.7928,-0.0565,0.5464,-0.3645,0.7541,0.5773,-0.4884,-0.6544},["Right Shoulder"]={-0.5880,-0.6419,0.1381,0.6927,-0.4992,-0.5205,0.1908,-0.5692,0.7998,-0.6955,-0.6533,-0.2990},["Neck"]={0.0000,0.0000,0.0000,0.3507,-0.9078,0.2300,0.8059,0.4177,0.4195,-0.4769,0.0382,0.8781},["Right Hip"]={0.0000,0.0191,-0.0000,1.0000,0.0000,-0.0000,-0.0000,1.0000,0.0000,0.0000,-0.0000,1.0000},["Left Hip"]={-0.0000,0.0237,0.0000,1.0000,-0.0000,0.0000,0.0000,1.0000,0.0000,-0.0000,-0.0000,1.0000},["RootJoint"]={0.3458,-0.8507,-0.0000,-0.3864,0.9084,0.1595,-0.9011,-0.3349,-0.2752,-0.1966,-0.2501,0.9480}}},
{t=0.0506,b={["Left Shoulder"]={0.2130,-0.9079,0.1350,0.2721,0.8242,0.4966,-0.4450,-0.3498,0.8244,0.8532,-0.4453,0.2716},["Right Shoulder"]={-0.6892,0.5062,0.5139,0.7819,-0.6201,-0.0648,-0.3152,-0.4829,0.8170,-0.5379,-0.6183,-0.5730},["Neck"]={0.0000,0.0000,0.0000,0.9326,0.3299,-0.1467,-0.3585,0.8943,-0.2678,0.0429,0.3023,0.9523},["Right Hip"]={0.0000,0.0160,-0.0000,1.0000,0.0000,-0.0000,-0.0000,1.0000,0.0000,0.0000,-0.0000,1.0000},["Left Hip"]={-0.0000,0.0198,0.0000,1.0000,-0.0000,0.0000,0.0000,1.0000,0.0000,-0.0000,-0.0000,1.0000},["RootJoint"]={0.7853,-0.7903,-0.0000,0.8252,-0.4879,0.2846,0.5631,0.7506,-0.3457,-0.0450,0.4455,0.8942}}},
{t=0.1161,b={["Left Shoulder"]={0.3735,-0.9403,0.3357,0.3370,0.8444,0.4165,0.3028,-0.5161,0.8012,0.8915,-0.1439,-0.4296},["Right Shoulder"]={0.8248,-0.3671,0.5881,0.0005,-0.9985,0.0543,-0.6637,0.0402,0.7470,-0.7480,-0.0364,-0.6627},["Neck"]={0.0000,0.0000,-0.0000,0.0550,0.9039,-0.4242,-0.8556,0.2617,0.4467,0.5148,0.3383,0.7877},["Right Hip"]={0.0000,0.0095,-0.0000,1.0000,0.0000,-0.0000,-0.0000,1.0000,0.0000,0.0000,-0.0000,1.0000},["Left Hip"]={-0.0000,0.0118,0.0000,1.0000,-0.0000,0.0000,0.0000,1.0000,0.0000,-0.0000,-0.0000,1.0000},["RootJoint"]={0.5516,-0.5594,0.0000,-0.5159,-0.8027,0.2994,0.7759,-0.5859,-0.2340,0.3632,0.1116,0.9250}}},
{t=0.1811,b={["Left Shoulder"]={1.0165,-0.8040,0.1045,0.4243,0.8937,-0.1459,0.2152,0.0570,0.9749,0.8796,-0.4451,-0.1681},["Right Shoulder"]={1.2089,-0.4419,-0.0402,-0.6864,-0.5154,-0.5131,-0.7098,0.3212,0.6269,-0.1583,0.7945,-0.5863},["Neck"]={0.0000,0.0000,0.0000,0.2277,0.8874,-0.4008,-0.9183,0.3325,0.2146,0.3237,0.3192,0.8907},["Right Hip"]={0.0000,0.0059,-0.0000,1.0000,0.0000,-0.0000,-0.0000,1.0000,0.0000,0.0000,-0.0000,1.0000},["Left Hip"]={-0.0000,0.0073,0.0000,1.0000,-0.0000,0.0000,0.0000,1.0000,0.0000,-0.0000,-0.0000,1.0000},["RootJoint"]={0.1951,-0.3424,0.0000,-0.5390,-0.8383,0.0816,0.8254,-0.5450,-0.1473,0.1679,-0.0120,0.9857}}},
{t=0.2481,b={["Left Shoulder"]={0.8693,-0.6599,0.0396,0.5806,0.7922,-0.1881,-0.0457,0.2623,0.9639,0.8129,-0.5510,0.1885},["Right Shoulder"]={1.0623,-0.2396,-0.1671,-0.4966,-0.2684,-0.8254,-0.8542,0.3199,0.4098,0.1541,0.9086,-0.3882},["Neck"]={0.0000,-0.0000,-0.0000,0.4711,0.7895,-0.3934,-0.8171,0.5585,0.1425,0.3322,0.2543,0.9083},["Right Hip"]={0.0000,0.0017,-0.0000,1.0000,0.0000,-0.0000,-0.0000,1.0000,0.0000,0.0000,-0.0000,1.0000},["Left Hip"]={-0.0000,0.0021,0.0000,1.0000,-0.0000,0.0000,0.0000,1.0000,0.0000,-0.0000,-0.0000,1.0000},["RootJoint"]={0.1612,-0.1826,-0.0004,-0.2203,-0.9736,0.0599,0.9654,-0.2264,-0.1291,0.1393,0.0294,0.9898}}},
{t=0.3152,b={["Left Shoulder"]={0.6520,-0.4954,0.0297,0.7424,0.6134,-0.2694,-0.1553,0.5487,0.8214,0.6518,-0.5680,0.5026},["Right Shoulder"]={0.7967,-0.1796,-0.1253,-0.0671,0.0530,-0.9963,-0.8528,0.5153,0.0848,0.5179,0.8554,0.0106},["Neck"]={0.0000,-0.0000,-0.0000,0.6912,0.6503,-0.3152,-0.6664,0.7423,0.0700,0.2795,0.1617,0.9464},["Right Hip"]={0.0000,0.0004,-0.0000,1.0000,0.0000,-0.0000,-0.0000,1.0000,0.0000,0.0000,-0.0000,1.0000},["Left Hip"]={-0.0000,0.0005,0.0000,1.0000,-0.0000,0.0000,0.0000,1.0000,0.0000,-0.0000,-0.0000,1.0000},["RootJoint"]={0.1209,-0.1370,-0.0002,0.2289,-0.9732,0.0232,0.9680,0.2251,-0.1109,0.1027,0.0478,0.9936}}},
{t=0.3668,b={["Left Shoulder"]={0.4636,-0.3524,0.0211,0.8674,0.4203,-0.2662,-0.1848,0.7691,0.6119,0.4619,-0.4816,0.7448},["Right Shoulder"]={0.5666,-0.1275,-0.0891,0.4410,0.2344,-0.8663,-0.6527,0.7463,-0.1303,0.6160,0.6229,0.4822},["Neck"]={0.0000,-0.0000,-0.0000,0.8430,0.4862,-0.2304,-0.4943,0.8689,0.0250,0.2123,0.0928,0.9728},["Right Hip"]={0.0000,0.0000,-0.0000,1.0000,0.0000,-0.0000,-0.0000,1.0000,0.0000,0.0000,-0.0000,1.0000},["Left Hip"]={-0.0000,0.0000,0.0000,1.0000,-0.0000,0.0000,0.0000,1.0000,0.0000,-0.0000,-0.0000,1.0000},["RootJoint"]={0.0860,-0.0974,-0.0000,0.6038,-0.7972,-0.0003,0.7945,0.6018,-0.0813,0.0649,0.0489,0.9967}}},
{t=0.4318,b={["Left Shoulder"]={0.2318,-0.1694,0.0106,0.9693,0.1830,-0.1642,-0.1279,0.9457,0.2989,0.2099,-0.2688,0.9400},["Right Shoulder"]={0.2833,-0.0606,-0.0446,0.8822,0.1983,-0.4270,-0.2841,0.9475,-0.1469,0.3754,0.2509,0.8922},["Neck"]={-0.0000,-0.0000,-0.0000,0.9617,0.2491,-0.1147,-0.2509,0.9680,-0.0009,0.1108,0.0297,0.9934},["Right Hip"]={0.0000,0.0014,-0.0000,1.0000,0.0000,0.0000,0.0000,1.0000,0.0000,0.0000,0.0000,1.0000},["Left Hip"]={-0.0000,0.0017,0.0000,1.0000,-0.0000,0.0000,0.0000,1.0000,0.0000,-0.0000,0.0000,1.0000},["RootJoint"]={0.0430,-0.0487,-0.0014,0.9094,-0.4159,-0.0096,0.4153,0.9089,-0.0377,0.0244,0.0303,0.9992}}},
{t=0.4821,b={["Left Shoulder"]={0.0580,-0.0334,0.0026,0.9984,0.0371,-0.0425,-0.0341,0.9969,0.0711,0.0450,-0.0696,0.9966},["Right Shoulder"]={0.0708,-0.0104,-0.0111,0.9936,0.0568,-0.0980,-0.0607,0.9974,-0.0375,0.0956,0.0432,0.9945},["Neck"]={0.0000,-0.0000,-0.0000,0.9977,0.0620,-0.0278,-0.0620,0.9981,0.0001,0.0277,0.0016,0.9996},["Right Hip"]={0.0000,0.0029,0.0000,1.0000,0.0000,0.0000,0.0000,1.0000,0.0000,0.0000,0.0000,1.0000},["Left Hip"]={0.0000,0.0036,0.0000,1.0000,0.0000,0.0000,0.0000,1.0000,0.0000,0.0000,0.0000,1.0000},["RootJoint"]={0.0107,-0.0122,-0.0037,0.9951,-0.0991,-0.0037,0.0991,0.9950,-0.0083,0.0045,0.0079,1.0000}}},
{t=0.5486,b={["Left Shoulder"]={-0.0000,0.0153,0.0000,1.0000,-0.0038,0.0042,0.0038,1.0000,0.0046,-0.0042,-0.0045,1.0000},["Right Shoulder"]={-0.0000,0.0084,-0.0000,0.9999,0.0055,-0.0099,-0.0054,0.9999,0.0092,0.0099,-0.0091,0.9999},["Neck"]={-0.0000,0.0000,-0.0000,1.0000,0.0014,-0.0000,-0.0014,1.0000,0.0061,0.0000,-0.0061,1.0000},["Right Hip"]={0.0000,0.0080,0.0000,1.0000,0.0000,0.0000,0.0000,1.0000,0.0000,0.0000,0.0000,1.0000},["Left Hip"]={0.0000,0.0099,0.0000,1.0000,0.0000,0.0000,0.0000,1.0000,0.0000,0.0000,0.0000,1.0000},["RootJoint"]={0.0000,0.0000,-0.0107,1.0000,0.0000,0.0000,0.0000,1.0000,0.0000,0.0000,0.0000,1.0000}}},
{t=0.6140,b={["Left Shoulder"]={-0.0000,0.0150,-0.0000,1.0000,-0.0041,0.0040,0.0041,1.0000,0.0057,-0.0040,-0.0057,1.0000},["Right Shoulder"]={0.0000,0.0076,-0.0000,1.0000,0.0043,-0.0087,-0.0042,0.9999,0.0095,0.0087,-0.0095,0.9999},["Neck"]={-0.0000,0.0000,0.0000,1.0000,0.0017,-0.0000,-0.0017,1.0000,0.0074,0.0000,-0.0074,1.0000},["Right Hip"]={0.0000,0.0136,0.0000,1.0000,0.0000,0.0000,0.0000,1.0000,0.0000,0.0000,0.0000,1.0000},["Left Hip"]={0.0000,0.0169,0.0000,1.0000,0.0000,0.0000,0.0000,1.0000,0.0000,0.0000,0.0000,1.0000},["RootJoint"]={0.0000,0.0000,-0.0182,1.0000,0.0000,0.0000,0.0000,1.0000,0.0000,0.0000,0.0000,1.0000}}},
{t=0.6656,b={["Left Shoulder"]={-0.0000,0.0107,-0.0000,1.0000,-0.0032,0.0013,0.0032,1.0000,0.0059,-0.0013,-0.0059,1.0000},["Right Shoulder"]={-0.0000,0.0047,-0.0000,1.0000,0.0016,-0.0049,-0.0016,1.0000,0.0083,0.0049,-0.0083,1.0000},["Neck"]={0.0000,0.0000,-0.0000,1.0000,0.0016,0.0000,-0.0016,1.0000,0.0074,0.0000,-0.0074,1.0000},["Right Hip"]={0.0000,0.0188,0.0000,1.0000,0.0000,0.0000,0.0000,1.0000,0.0000,0.0000,0.0000,1.0000},["Left Hip"]={0.0000,0.0233,0.0000,1.0000,0.0000,0.0000,0.0000,1.0000,0.0000,0.0000,0.0000,1.0000},["RootJoint"]={0.0000,0.0000,-0.0252,1.0000,0.0000,0.0000,0.0000,1.0000,0.0000,0.0000,0.0000,1.0000}}},
{t=0.7157,b={["Left Shoulder"]={0.0000,0.0058,-0.0000,1.0000,-0.0022,-0.0018,0.0022,1.0000,0.0057,0.0018,-0.0058,1.0000},["Right Shoulder"]={-0.0000,0.0020,-0.0000,1.0000,-0.0006,-0.0014,0.0007,1.0000,0.0070,0.0014,-0.0070,1.0000},["Neck"]={0.0000,0.0000,-0.0000,1.0000,0.0012,-0.0000,-0.0012,1.0000,0.0067,0.0000,-0.0067,1.0000},["Right Hip"]={0.0000,0.0219,0.0000,1.0000,0.0000,0.0000,0.0000,1.0000,0.0000,0.0000,0.0000,1.0000},["Left Hip"]={0.0000,0.0272,0.0000,1.0000,0.0000,0.0000,0.0000,1.0000,0.0000,0.0000,0.0000,1.0000},["RootJoint"]={0.0000,0.0000,-0.0293,1.0000,0.0000,0.0000,0.0000,1.0000,0.0000,0.0000,0.0000,1.0000}}},
{t=0.7801,b={["Left Shoulder"]={-0.0000,-0.0050,-0.0000,1.0000,0.0003,-0.0087,-0.0002,1.0000,0.0053,0.0087,-0.0053,0.9999},["Right Shoulder"]={-0.0000,-0.0027,-0.0000,1.0000,-0.0045,0.0047,0.0045,1.0000,0.0044,-0.0047,-0.0044,1.0000},["Neck"]={-0.0000,0.0000,-0.0000,1.0000,0.0001,-0.0000,-0.0001,1.0000,0.0044,0.0000,-0.0044,1.0000},["Right Hip"]={0.0000,0.0252,0.0000,1.0000,0.0000,0.0000,0.0000,1.0000,0.0000,0.0000,0.0000,1.0000},["Left Hip"]={0.0000,0.0312,0.0000,1.0000,0.0000,0.0000,0.0000,1.0000,0.0000,0.0000,0.0000,1.0000},["RootJoint"]={0.0000,0.0000,-0.0337,1.0000,0.0000,0.0000,0.0000,1.0000,0.0000,0.0000,0.0000,1.0000}}},
{t=0.8315,b={["Left Shoulder"]={0.0000,-0.0113,0.0000,0.9999,0.0017,-0.0126,-0.0016,1.0000,0.0049,0.0126,-0.0049,0.9999},["Right Shoulder"]={-0.0000,-0.0050,0.0000,0.9999,-0.0064,0.0077,0.0064,1.0000,0.0030,-0.0077,-0.0030,1.0000},["Neck"]={0.0000,-0.0000,-0.0000,1.0000,-0.0007,0.0000,0.0007,1.0000,0.0029,-0.0000,-0.0029,1.0000},["Right Hip"]={0.0000,0.0259,0.0000,1.0000,0.0000,0.0000,0.0000,1.0000,0.0000,0.0000,0.0000,1.0000},["Left Hip"]={0.0000,0.0321,0.0000,1.0000,0.0000,0.0000,0.0000,1.0000,0.0000,0.0000,0.0000,1.0000},["RootJoint"]={0.0000,0.0000,-0.0347,1.0000,0.0000,0.0000,0.0000,1.0000,0.0000,0.0000,0.0000,1.0000}}},
{t=0.8833,b={["Left Shoulder"]={0.0000,-0.0212,-0.0000,0.9998,0.0040,-0.0190,-0.0039,1.0000,0.0042,0.0190,-0.0041,0.9998},["Right Shoulder"]={0.0000,-0.0078,-0.0000,0.9999,-0.0085,0.0112,0.0085,1.0000,0.0013,-0.0112,-0.0012,0.9999},["Neck"]={-0.0000,-0.0000,-0.0000,1.0000,-0.0020,-0.0000,0.0020,1.0000,0.0001,-0.0000,-0.0001,1.0000},["Right Hip"]={0.0000,0.0250,0.0000,1.0000,0.0000,0.0000,0.0000,1.0000,0.0000,0.0000,0.0000,1.0000},["Left Hip"]={0.0000,0.0310,0.0000,1.0000,0.0000,0.0000,0.0000,1.0000,0.0000,0.0000,0.0000,1.0000},["RootJoint"]={0.0000,0.0000,-0.0334,1.0000,0.0000,0.0000,0.0000,1.0000,0.0000,0.0000,0.0000,1.0000}}},
}
local aS=c:FindFirstChild('Animate') if aS then aS.Disabled=true end
local an=nil if h then an=h:FindFirstChildOfClass('Animator') if an then for _,t in pairs(an:GetPlayingAnimationTracks()) do t:Stop(0) end end end
local m={} for _,v in pairs(c:GetDescendants()) do if v:IsA('Motor6D') then m[v.Name]=v end end
local sT=os.clock() local tD=fd[#fd].t if tD<=0 then tD=1 end
local done=false local cn cn=R.Stepped:Connect(function()
if done then return end if an then for _,t in pairs(an:GetPlayingAnimationTracks()) do t:Stop(0) end end
local e=os.clock()-sT
if e>=tD then done=true cn:Disconnect() if aS then aS.Disabled=false end return end
local pf,nf=fd[1],fd[#fd] for i=1,#fd-1 do if fd[i].t<=e and fd[i+1].t>=e then pf=fd[i] nf=fd[i+1] break end end
local sp=nf.t-pf.t local al=sp>0 and(e-pf.t)/sp or 0
for k,motor in pairs(m) do local pd,nd=pf.b[k],nf.b[k] if pd and nd then motor.Transform=tCF(pd):Lerp(tCF(nd),al) elseif pd then motor.Transform=tCF(pd) elseif nd then motor.Transform=tCF(nd) end end
end)
return nil