local P=game:GetService('Players') local R=game:GetService('RunService')
local pl=P.LocalPlayer local c=pl.Character or pl.CharacterAdded:Wait()
local h=c:FindFirstChildOfClass('Humanoid')
local function tCF(d) return CFrame.new(d[1],d[2],d[3],d[4],d[5],d[6],d[7],d[8],d[9],d[10],d[11],d[12]) end
local fd={
{t=0.0000,b={["Left Shoulder"]={-0.2809,0.2265,0.0516,-0.1213,0.9915,-0.0479,-0.9362,-0.1303,-0.3263,-0.3298,0.0053,0.9440},["Right Shoulder"]={-0.2959,0.0488,-0.2590,0.3817,0.5586,-0.7364,-0.1413,0.8226,0.5508,0.9134,-0.1062,0.3929},["Neck"]={0.0000,-0.0000,0.0000,0.9251,0.3310,-0.1859,-0.3421,0.9392,-0.0302,0.1646,0.0915,0.9821},["Right Hip"]={0.2625,1.2974,-0.1079,0.1661,-0.8988,-0.4057,0.9222,-0.0040,0.3866,-0.3491,-0.4384,0.8282},["Left Hip"]={-0.5062,-0.1228,-0.5435,0.0579,0.9381,0.3414,-0.7448,0.2683,-0.6110,-0.6648,-0.2189,0.7142},["RootJoint"]={-0.0200,0.2321,-0.6648,-0.6736,0.2177,-0.7063,-0.6965,0.1328,0.7052,0.2473,0.9669,0.0622}}},
{t=0.0506,b={["Left Shoulder"]={-0.3212,0.2659,0.0509,-0.2619,0.9449,0.1964,-0.8855,-0.1544,-0.4383,-0.3838,-0.2887,0.8771},["Right Shoulder"]={-0.3402,0.1151,-0.2702,0.3183,0.5167,-0.7948,-0.1466,0.8552,0.4972,0.9366,-0.0417,0.3480},["Neck"]={0.0000,-0.0000,0.0000,0.7400,0.6291,-0.2380,-0.6327,0.7711,0.0711,0.2283,0.0980,0.9686},["Right Hip"]={0.3575,0.8289,-0.0348,0.9655,-0.0306,0.2586,-0.1091,0.8542,0.5083,-0.2365,-0.5190,0.8214},["Left Hip"]={-0.1072,-0.1007,-0.4417,-0.0147,0.9506,0.3100,-0.9614,0.0717,-0.2655,-0.2746,-0.3019,0.9129},["RootJoint"]={-0.0211,0.3642,-0.9157,-0.9051,-0.2259,0.3603,0.3442,0.1082,0.9326,-0.2497,0.9681,-0.0202}}},
{t=0.1135,b={["Left Shoulder"]={-0.1835,0.1417,0.0712,-0.3151,0.8620,0.3971,-0.8367,-0.0548,-0.5449,-0.4479,-0.5040,0.7385},["Right Shoulder"]={-0.2975,0.0670,-0.2625,0.2669,0.4913,-0.8290,-0.1536,0.8710,0.4667,0.9514,0.0027,0.3079},["Neck"]={-0.0000,0.0000,0.0000,0.6984,0.6446,-0.3109,-0.6621,0.7469,0.0614,0.2718,0.1630,0.9485},["Right Hip"]={0.4831,0.5243,0.3800,0.8480,0.2932,0.4414,-0.5275,0.5467,0.6503,-0.0507,-0.7843,0.6183},["Left Hip"]={0.0346,-0.0700,-0.7714,-0.0599,0.8121,0.5804,-0.8384,0.2746,-0.4708,-0.5417,-0.5148,0.6644},["RootJoint"]={-0.0213,0.3751,-0.9416,-0.6568,-0.4606,0.5971,0.5547,0.2414,0.7963,-0.5109,0.8541,0.0969}}},
{t=0.1695,b={["Left Shoulder"]={-0.0427,0.0144,0.0916,-0.3098,0.8382,0.4489,-0.8214,0.0019,-0.5704,-0.4789,-0.5454,0.6879},["Right Shoulder"]={-0.2514,0.0137,-0.2539,0.2389,0.4940,-0.8360,-0.1556,0.8693,0.4692,0.9585,0.0180,0.2845},["Neck"]={0.0000,0.0000,0.0000,0.6887,0.6267,-0.3645,-0.6752,0.7376,-0.0077,0.2641,0.2514,0.9312},["Right Hip"]={0.7278,0.5767,0.4090,0.8255,0.2574,0.5023,-0.5579,0.5073,0.6568,-0.0858,-0.8224,0.5623},["Left Hip"]={0.0551,-0.0234,-0.7292,-0.0743,0.7712,0.6323,-0.8386,0.2948,-0.4580,-0.5396,-0.5643,0.6248},["RootJoint"]={-0.0213,0.3751,-0.9416,-0.6234,-0.5157,0.5877,0.5269,0.2783,0.8031,-0.5777,0.8103,0.0982}}},
{t=0.2223,b={["Left Shoulder"]={-0.0765,0.0372,0.0503,-0.3030,0.8625,0.4053,-0.8195,-0.0187,-0.5728,-0.4865,-0.5057,0.7125},["Right Shoulder"]={-0.2514,0.0137,-0.2539,0.1983,0.5371,-0.8199,-0.1406,0.8435,0.5185,0.9700,0.0125,0.2428},["Neck"]={0.0000,0.0000,-0.0000,0.7027,0.5870,-0.4021,-0.6625,0.7458,-0.0689,0.2595,0.3149,0.9130},["Right Hip"]={0.6477,0.6040,0.3303,0.8487,0.3054,0.4318,-0.5264,0.5667,0.6338,-0.0511,-0.7652,0.6417},["Left Hip"]={0.0790,-0.0966,-0.7490,-0.0658,0.8077,0.5859,-0.8766,0.2337,-0.4207,-0.4767,-0.5413,0.6927},["RootJoint"]={-0.0130,0.4319,-0.9954,-0.6948,-0.4664,0.5475,0.4967,0.2394,0.8342,-0.5202,0.8516,0.0653}}},
{t=0.2730,b={["Left Shoulder"]={-0.0853,0.0435,0.0315,-0.2107,0.8912,0.4017,-0.8421,0.0432,-0.5376,-0.4965,-0.4515,0.7414},["Right Shoulder"]={-0.2374,0.0127,-0.2398,0.2573,0.5304,-0.8077,-0.1464,0.8476,0.5100,0.9552,-0.0130,0.2958},["Neck"]={-0.0000,0.0000,0.0000,0.7385,0.5524,-0.3867,-0.6249,0.7761,-0.0846,0.2534,0.3041,0.9183},["Right Hip"]={0.5669,0.5839,0.2886,0.8697,0.3180,0.3774,-0.4913,0.6308,0.6006,-0.0470,-0.7078,0.7049},["Left Hip"]={0.0857,-0.1193,-0.7110,0.0190,0.8267,0.5623,-0.8897,0.2705,-0.3677,-0.4561,-0.4933,0.7407},["RootJoint"]={-0.0091,0.4298,-0.9628,-0.6435,-0.4951,0.5837,0.5316,0.2596,0.8062,-0.5507,0.8291,0.0962}}},
{t=0.3335,b={["Left Shoulder"]={-0.0665,0.0296,0.0246,0.1669,0.8928,0.4183,-0.8598,0.3394,-0.3814,-0.4825,-0.2960,0.8243},["Right Shoulder"]={-0.1850,0.0083,-0.1869,0.5176,0.4274,-0.7412,-0.1769,0.9010,0.3961,0.8371,-0.0739,0.5420},["Neck"]={-0.0000,0.0000,0.0000,0.8382,0.4549,-0.3010,-0.4998,0.8615,-0.0897,0.2185,0.2256,0.9494},["Right Hip"]={0.4419,0.4606,0.2250,0.9185,0.2805,0.2789,-0.3889,0.7689,0.5075,-0.0721,-0.5746,0.8152},["Left Hip"]={0.0668,-0.0861,-0.5542,0.3453,0.7853,0.5138,-0.8274,0.5132,-0.2283,-0.4430,-0.3463,0.8270},["RootJoint"]={-0.0071,0.3350,-0.7578,-0.2293,-0.6394,0.7339,0.6667,0.4462,0.5970,-0.7092,0.6262,0.3240}}},
{t=0.3842,b={["Left Shoulder"]={-0.0514,0.0162,0.0190,0.4765,0.7941,0.3772,-0.7740,0.5824,-0.2484,-0.4169,-0.1736,0.8922},["Right Shoulder"]={-0.1431,0.0043,-0.1446,0.7055,0.3277,-0.6284,-0.1739,0.9396,0.2948,0.6871,-0.0987,0.7199},["Neck"]={-0.0000,0.0000,0.0000,0.9025,0.3637,-0.2307,-0.3910,0.9165,-0.0844,0.1807,0.1664,0.9694},["Right Hip"]={0.3418,0.3616,0.1740,0.9505,0.2349,0.2031,-0.3007,0.8598,0.4126,-0.0777,-0.4533,0.8880},["Left Hip"]={0.0517,-0.0601,-0.4287,0.5930,0.6791,0.4327,-0.7052,0.6974,-0.1280,-0.3886,-0.2292,0.8924},["RootJoint"]={-0.0055,0.2591,-0.5932,0.1965,-0.6490,0.7350,0.6668,0.6380,0.3851,-0.7188,0.4144,0.5581}}},
{t=0.4483,b={["Left Shoulder"]={-0.0314,-0.0038,0.0116,0.8098,0.5319,0.2476,-0.5251,0.8453,-0.0985,-0.2617,-0.0503,0.9638},["Right Shoulder"]={-0.0873,-0.0008,-0.0882,0.8939,0.1859,-0.4078,-0.1298,0.9783,0.1615,0.4290,-0.0914,0.8987},["Neck"]={0.0000,0.0000,-0.0000,0.9641,0.2274,-0.1372,-0.2378,0.9692,-0.0648,0.1182,0.0950,0.9884},["Right Hip"]={0.2084,0.2272,0.1061,0.9816,0.1552,0.1111,-0.1796,0.9479,0.2631,-0.0645,-0.2782,0.9584},["Left Hip"]={0.0315,-0.0283,-0.2614,0.8502,0.4480,0.2767,-0.4576,0.8886,-0.0326,-0.2605,-0.0989,0.9604},["RootJoint"]={-0.0033,0.1580,-0.3708,0.7098,-0.4694,0.5252,0.4759,0.8693,0.1338,-0.5193,0.1549,0.8404}}},
{t=0.5164,b={["Left Shoulder"]={-0.0113,-0.0212,0.0042,0.9786,0.1926,0.0731,-0.1920,0.9813,-0.0144,-0.0745,0.0000,0.9972},["Right Shoulder"]={-0.0314,-0.0052,-0.0317,0.9884,0.0546,-0.1417,-0.0481,0.9976,0.0488,0.1441,-0.0414,0.9887},["Neck"]={-0.0000,0.0000,0.0000,0.9956,0.0804,-0.0472,-0.0818,0.9962,-0.0299,0.0446,0.0337,0.9984},["Right Hip"]={0.0750,0.0912,0.0382,0.9977,0.0586,0.0345,-0.0617,0.9934,0.0963,-0.0286,-0.0982,0.9948},["Left Hip"]={0.0113,0.0015,-0.0941,0.9821,0.1613,0.0970,-0.1624,0.9867,0.0040,-0.0950,-0.0197,0.9953},["RootJoint"]={-0.0012,0.0569,-0.1461,0.9688,-0.1659,0.1840,0.1666,0.9859,0.0118,-0.1834,0.0192,0.9828}}},
{t=0.5835,b={["Left Shoulder"]={-0.0000,-0.0266,-0.0000,0.9997,0.0056,-0.0230,-0.0056,1.0000,0.0014,0.0230,-0.0013,0.9997},["Right Shoulder"]={0.0000,-0.0063,0.0000,1.0000,-0.0061,0.0078,0.0061,1.0000,-0.0002,-0.0078,0.0002,1.0000},["Neck"]={-0.0000,-0.0000,-0.0000,1.0000,-0.0034,-0.0000,0.0034,1.0000,-0.0046,0.0000,0.0046,1.0000},["Right Hip"]={0.0000,0.0096,0.0000,1.0000,0.0000,0.0000,0.0000,1.0000,0.0000,0.0000,0.0000,1.0000},["Left Hip"]={0.0000,0.0119,0.0000,1.0000,0.0000,0.0000,0.0000,1.0000,0.0000,0.0000,0.0000,1.0000},["RootJoint"]={0.0000,0.0000,-0.0128,1.0000,0.0000,0.0000,0.0000,1.0000,0.0000,0.0000,0.0000,1.0000}}},
{t=0.6489,b={["Left Shoulder"]={-0.0000,-0.0216,0.0000,0.9998,0.0047,-0.0203,-0.0047,1.0000,0.0009,0.0203,-0.0008,0.9998},["Right Shoulder"]={0.0000,-0.0049,0.0000,1.0000,-0.0046,0.0056,0.0046,1.0000,-0.0001,-0.0056,0.0001,1.0000},["Neck"]={0.0000,-0.0000,0.0000,1.0000,-0.0028,0.0000,0.0028,1.0000,-0.0042,0.0000,0.0042,1.0000},["Right Hip"]={0.0000,0.0057,0.0000,1.0000,0.0000,0.0000,0.0000,1.0000,0.0000,0.0000,0.0000,1.0000},["Left Hip"]={0.0000,0.0071,0.0000,1.0000,0.0000,0.0000,0.0000,1.0000,0.0000,0.0000,0.0000,1.0000},["RootJoint"]={0.0000,0.0000,-0.0077,1.0000,0.0000,0.0000,0.0000,1.0000,0.0000,0.0000,0.0000,1.0000}}},
{t=0.7162,b={["Left Shoulder"]={0.0000,-0.0125,-0.0000,0.9999,0.0030,-0.0147,-0.0030,1.0000,0.0004,0.0147,-0.0004,0.9999},["Right Shoulder"]={0.0000,-0.0025,-0.0000,1.0000,-0.0021,0.0024,0.0021,1.0000,0.0003,-0.0024,-0.0003,1.0000},["Neck"]={-0.0000,-0.0000,-0.0000,1.0000,-0.0015,-0.0000,0.0015,1.0000,-0.0027,0.0000,0.0027,1.0000},["Right Hip"]={0.0000,0.0017,0.0000,1.0000,0.0000,0.0000,0.0000,1.0000,0.0000,0.0000,0.0000,1.0000},["Left Hip"]={0.0000,0.0021,0.0000,1.0000,0.0000,0.0000,0.0000,1.0000,0.0000,0.0000,0.0000,1.0000},["RootJoint"]={0.0000,0.0000,-0.0023,1.0000,0.0000,0.0000,0.0000,1.0000,0.0000,0.0000,0.0000,1.0000}}},
}
local aS=c:FindFirstChild('Animate') if aS then aS.Disabled=true end
local an=nil if h then an=h:FindFirstChildOfClass('Animator') if an then for _,t in pairs(an:GetPlayingAnimationTracks()) do t:Stop(0) end end end
local m={} for _,v in pairs(c:GetDescendants()) do if v:IsA('Motor6D') then m[v.Name]=v end end
local sT=os.clock() local tD=fd[#fd].t if tD<=0 then tD=1 end
local done=false local cn cn=R.Stepped:Connect(function()
if done then return end if an then for _,t in pairs(an:GetPlayingAnimationTracks()) do t:Stop(0) end end
local e=os.clock()-sT
if e>=tD then done=true cn:Disconnect() if aS then aS.Disabled=false end return end
local pf,nf=fd[1],fd[#fd] for i=1,#fd-1 do if fd[i].t<=e and fd[i+1].t>=e then pf=fd[i] nf=fd[i+1] break end end
local sp=nf.t-pf.t local al=sp>0 and(e-pf.t)/sp or 0
for k,motor in pairs(m) do local pd,nd=pf.b[k],nf.b[k] if pd and nd then motor.Transform=tCF(pd):Lerp(tCF(nd),al) elseif pd then motor.Transform=tCF(pd) elseif nd then motor.Transform=tCF(nd) end end
end)
return nil